# 56 blades sampled from Wild_Grass_Patch_2 (grass.obj), recentred, UV.y = 1 at root
v 0.0990 0.0005 -0.1620
v 0.0911 0.0979 -0.1392
v 0.1007 0.0010 -0.1650
v 0.0935 0.0995 -0.1432
v 0.0828 0.1871 -0.0945
v 0.0859 0.1904 -0.0991
v 0.0832 0.2762 -0.0458
v 0.0862 0.2791 -0.0503
v 0.0920 0.3520 0.0197
v 0.0923 0.3523 0.0194
v 0.0923 0.1008 -0.1477
v 0.0999 0.0015 -0.1683
v 0.0841 0.1937 -0.1042
v 0.0846 0.2825 -0.0551
v 0.0922 0.3527 0.0191
v 0.1114 0.0020 -0.1841
v 0.1022 0.0621 -0.1851
v 0.1096 0.0019 -0.1812
v 0.1003 0.0620 -0.1814
v 0.1060 0.1213 -0.1910
v 0.1041 0.1221 -0.1866
v 0.1125 0.1801 -0.2033
v 0.1109 0.1815 -0.1983
v 0.1147 0.2388 -0.2213
v 0.1133 0.2399 -0.2153
v 0.1116 0.2970 -0.2365
v 0.1106 0.2989 -0.2304
v 0.1023 0.3577 -0.2439
v 0.1020 0.3579 -0.2378
v 0.0948 0.4169 -0.2478
v 0.0949 0.4174 -0.2432
v 0.1017 0.4769 -0.2545
v 0.1018 0.4770 -0.2540
v 0.1015 0.0624 -0.1774
v 0.1105 0.0017 -0.1779
v 0.1060 0.1225 -0.1823
v 0.1135 0.1826 -0.1936
v 0.1167 0.2409 -0.2102
v 0.1145 0.3007 -0.2256
v 0.1061 0.3589 -0.2336
v 0.0983 0.4173 -0.2401
v 0.1022 0.4770 -0.2537
v -0.1447 0.0016 0.0434
v -0.1193 0.0951 0.0593
v -0.1427 0.0016 0.0402
v -0.1163 0.0953 0.0551
v -0.0931 0.1825 0.0934
v -0.0886 0.1836 0.0883
v -0.0764 0.2626 0.1435
v -0.0715 0.2651 0.1398
v -0.0662 0.3340 0.2095
v -0.0658 0.3343 0.2092
v -0.1167 0.0967 0.0501
v -0.1432 0.0024 0.0367
v -0.0885 0.1867 0.0823
v -0.0709 0.2690 0.1346
v -0.0657 0.3347 0.2089
v 0.2965 0.0013 -0.2621
v 0.2877 0.1028 -0.2547
v 0.3004 0.0021 -0.2620
v 0.2925 0.1034 -0.2554
v 0.2712 0.2032 -0.2579
v 0.2764 0.2040 -0.2597
v 0.2528 0.3030 -0.2532
v 0.2582 0.3043 -0.2563
v 0.2326 0.4016 -0.2400
v 0.2379 0.4035 -0.2446
v 0.2084 0.4995 -0.2261
v 0.2130 0.5014 -0.2318
v 0.1803 0.5957 -0.2116
v 0.1834 0.5979 -0.2175
v 0.1508 0.6898 -0.1884
v 0.1521 0.6918 -0.1932
v 0.1389 0.7885 -0.1648
v 0.1389 0.7887 -0.1653
v 0.2958 0.1037 -0.2590
v 0.3035 0.0028 -0.2644
v 0.2793 0.2045 -0.2644
v 0.2604 0.3052 -0.2622
v 0.2391 0.4049 -0.2516
v 0.2130 0.5021 -0.2393
v 0.1821 0.5988 -0.2242
v 0.1501 0.6926 -0.1981
v 0.1386 0.7888 -0.1658
v -0.1760 0.0028 -0.1709
v -0.1660 0.0598 -0.1809
v -0.1737 0.0017 -0.1732
v -0.1631 0.0586 -0.1837
v -0.1553 0.1156 -0.1994
v -0.1520 0.1133 -0.2020
v -0.1417 0.1669 -0.2253
v -0.1378 0.1643 -0.2282
v -0.1274 0.2177 -0.2522
v -0.1229 0.2146 -0.2553
v -0.1120 0.2674 -0.2804
v -0.1073 0.2641 -0.2834
v -0.0955 0.3159 -0.3100
v -0.0910 0.3127 -0.3126
v -0.0776 0.3629 -0.3412
v -0.0741 0.3604 -0.3430
v -0.0570 0.4072 -0.3746
v -0.0566 0.4070 -0.3748
v -0.1631 0.0576 -0.1877
v -0.1738 0.0010 -0.1766
v -0.1521 0.1112 -0.2063
v -0.1378 0.1617 -0.2331
v -0.1227 0.2115 -0.2607
v -0.1070 0.2608 -0.2889
v -0.0906 0.3095 -0.3176
v -0.0737 0.3578 -0.3468
v -0.0566 0.4067 -0.3752
v -0.1565 0.0016 -0.1826
v -0.1707 0.0900 -0.1770
v -0.1599 0.0011 -0.1812
v -0.1752 0.0890 -0.1745
v -0.1860 0.1781 -0.1708
v -0.1913 0.1767 -0.1669
v -0.2024 0.2653 -0.1560
v -0.2069 0.2632 -0.1518
v -0.2182 0.3466 -0.1214
v -0.2185 0.3464 -0.1210
v -0.1767 0.0884 -0.1697
v -0.1615 0.0009 -0.1779
v -0.1925 0.1757 -0.1604
v -0.2070 0.2610 -0.1458
v -0.2184 0.3462 -0.1205
v 0.2098 0.0027 -0.1329
v 0.1765 0.1094 -0.1203
v 0.2089 0.0022 -0.1294
v 0.1754 0.1085 -0.1153
v 0.1725 0.2177 -0.1194
v 0.1712 0.2179 -0.1128
v 0.1791 0.3250 -0.0799
v 0.1778 0.3227 -0.0740
v 0.1696 0.4273 -0.0335
v 0.1695 0.4271 -0.0330
v 0.1777 0.1090 -0.1109
v 0.2106 0.0020 -0.1262
v 0.1746 0.2177 -0.1072
v 0.1811 0.3207 -0.0689
v 0.1698 0.4270 -0.0326
v -0.1026 0.0012 -0.2886
v -0.1110 0.0951 -0.2987
v -0.0995 0.0017 -0.2867
v -0.1071 0.0955 -0.2967
v -0.1187 0.1894 -0.3046
v -0.1141 0.1898 -0.3026
v -0.1281 0.2837 -0.3042
v -0.1226 0.2841 -0.3022
v -0.1389 0.3775 -0.2966
v -0.1326 0.3780 -0.2948
v -0.1507 0.4702 -0.2812
v -0.1440 0.4708 -0.2798
v -0.1607 0.5619 -0.2570
v -0.1544 0.5618 -0.2563
v -0.1626 0.6502 -0.2231
v -0.1577 0.6504 -0.2229
v -0.1628 0.7350 -0.1807
v -0.1623 0.7350 -0.1807
v -0.1028 0.0957 -0.2978
v -0.0960 0.0019 -0.2874
v -0.1094 0.1901 -0.3043
v -0.1174 0.2847 -0.3045
v -0.1269 0.3790 -0.2978
v -0.1383 0.4723 -0.2833
v -0.1494 0.5632 -0.2599
v -0.1541 0.6518 -0.2258
v -0.1619 0.7352 -0.1810
v 0.1335 0.0015 -0.2586
v 0.1293 0.0616 -0.2633
v 0.1308 0.0012 -0.2614
v 0.1261 0.0610 -0.2668
v 0.1242 0.1217 -0.2716
v 0.1207 0.1203 -0.2756
v 0.1161 0.1801 -0.2845
v 0.1122 0.1783 -0.2892
v 0.1083 0.2378 -0.2970
v 0.1039 0.2363 -0.3025
v 0.0976 0.2967 -0.3045
v 0.0932 0.2951 -0.3103
v 0.0879 0.3554 -0.3149
v 0.0839 0.3538 -0.3204
v 0.0792 0.4136 -0.3283
v 0.0763 0.4123 -0.3326
v 0.0702 0.4706 -0.3460
v 0.0699 0.4705 -0.3465
v 0.1213 0.0606 -0.2675
v 0.1269 0.0008 -0.2619
v 0.1153 0.1192 -0.2764
v 0.1061 0.1772 -0.2902
v 0.0970 0.2348 -0.3038
v 0.0860 0.2936 -0.3118
v 0.0773 0.3525 -0.3220
v 0.0712 0.4113 -0.3339
v 0.0694 0.4704 -0.3466
v 0.2761 0.0006 -0.1943
v 0.2690 0.0749 -0.2190
v 0.2740 0.0014 -0.1914
v 0.2668 0.0757 -0.2151
v 0.2590 0.1507 -0.2379
v 0.2569 0.1513 -0.2331
v 0.2536 0.2290 -0.2430
v 0.2517 0.2279 -0.2375
v 0.2575 0.3053 -0.2224
v 0.2558 0.3032 -0.2161
v 0.2586 0.3784 -0.1920
v 0.2575 0.3753 -0.1857
v 0.2571 0.4464 -0.1512
v 0.2567 0.4427 -0.1459
v 0.2527 0.5050 -0.0974
v 0.2529 0.5010 -0.0944
v 0.2451 0.5439 -0.0293
v 0.2451 0.5434 -0.0290
v 0.2678 0.0771 -0.2109
v 0.2745 0.0025 -0.1879
v 0.2586 0.1525 -0.2284
v 0.2540 0.2266 -0.2322
v 0.2591 0.3011 -0.2106
v 0.2614 0.3727 -0.1805
v 0.2608 0.4399 -0.1416
v 0.2564 0.4984 -0.0920
v 0.2455 0.5431 -0.0288
v 0.1442 0.0004 -0.0268
v 0.1003 0.0761 -0.0355
v 0.1476 0.0016 -0.0258
v 0.1050 0.0765 -0.0348
v 0.0903 0.1630 -0.0291
v 0.0956 0.1637 -0.0289
v 0.0696 0.2476 -0.0284
v 0.0755 0.2493 -0.0287
v 0.0414 0.3277 -0.0082
v 0.0478 0.3305 -0.0090
v 0.0137 0.4036 0.0287
v 0.0204 0.4054 0.0264
v 0.0071 0.4718 0.0818
v 0.0129 0.4747 0.0799
v -0.0092 0.5388 0.1346
v -0.0051 0.5416 0.1330
v -0.0301 0.5973 0.1961
v -0.0297 0.5977 0.1959
v 0.1089 0.0766 -0.0374
v 0.1510 0.0024 -0.0275
v 0.0997 0.1649 -0.0321
v 0.0796 0.2510 -0.0329
v 0.0516 0.3337 -0.0139
v 0.0235 0.4087 0.0208
v 0.0150 0.4794 0.0757
v -0.0039 0.5450 0.1293
v -0.0297 0.5981 0.1957
v 0.1532 0.0011 -0.0264
v 0.1342 0.0561 -0.0184
v 0.1542 0.0017 -0.0298
v 0.1348 0.0570 -0.0224
v 0.1151 0.1127 -0.0164
v 0.1157 0.1128 -0.0208
v 0.0973 0.1691 -0.0168
v 0.0975 0.1691 -0.0215
v 0.0807 0.2258 -0.0164
v 0.0804 0.2257 -0.0215
v 0.0653 0.2828 -0.0153
v 0.0645 0.2827 -0.0206
v 0.0511 0.3401 -0.0133
v 0.0497 0.3400 -0.0189
v 0.0372 0.3975 -0.0103
v 0.0351 0.3973 -0.0162
v 0.0181 0.4533 -0.0061
v 0.0154 0.4528 -0.0121
v -0.0020 0.5086 -0.0010
v -0.0054 0.5080 -0.0069
v -0.0210 0.5641 0.0048
v -0.0250 0.5634 -0.0007
v -0.0391 0.6199 0.0115
v -0.0435 0.6192 0.0065
v -0.0609 0.6747 0.0194
v -0.0653 0.6734 0.0150
v -0.0864 0.7285 0.0230
v -0.0904 0.7264 0.0194
v -0.1114 0.7819 0.0205
v -0.1151 0.7802 0.0177
v -0.1361 0.8355 0.0188
v -0.1388 0.8344 0.0172
v -0.1609 0.8892 0.0181
v -0.1614 0.8891 0.0179
v 0.1327 0.0569 -0.0258
v 0.1527 0.0013 -0.0330
v 0.1132 0.1119 -0.0244
v 0.0945 0.1681 -0.0251
v 0.0769 0.2247 -0.0249
v 0.0604 0.2817 -0.0239
v 0.0449 0.3389 -0.0220
v 0.0298 0.3959 -0.0190
v 0.0096 0.4508 -0.0146
v -0.0115 0.5059 -0.0088
v -0.0314 0.5614 -0.0020
v -0.0498 0.6172 0.0058
v -0.0710 0.6707 0.0149
v -0.0956 0.7240 0.0198
v -0.1195 0.7782 0.0185
v -0.1417 0.8332 0.0180
v -0.1618 0.8889 0.0180
v -0.1204 0.0016 -0.2606
v -0.1213 0.0698 -0.2656
v -0.1207 0.0015 -0.2571
v -0.1215 0.0702 -0.2612
v -0.1271 0.1378 -0.2732
v -0.1272 0.1384 -0.2682
v -0.1376 0.2049 -0.2834
v -0.1376 0.2058 -0.2777
v -0.1528 0.2707 -0.2958
v -0.1527 0.2720 -0.2894
v -0.1703 0.3384 -0.3006
v -0.1695 0.3379 -0.2938
v -0.1834 0.4049 -0.2963
v -0.1825 0.4050 -0.2900
v -0.1868 0.4740 -0.2954
v -0.1860 0.4737 -0.2907
v -0.1926 0.5422 -0.2875
v -0.1925 0.5422 -0.2870
v -0.1187 0.0706 -0.2579
v -0.1184 0.0017 -0.2543
v -0.1238 0.1393 -0.2646
v -0.1337 0.2072 -0.2738
v -0.1482 0.2740 -0.2851
v -0.1644 0.3387 -0.2895
v -0.1776 0.4052 -0.2862
v -0.1821 0.4738 -0.2878
v -0.1921 0.5422 -0.2867
v 0.2533 0.0016 -0.1977
v 0.2514 0.0822 -0.1986
v 0.2571 0.0017 -0.1977
v 0.2560 0.0823 -0.1987
v 0.2465 0.1618 -0.1888
v 0.2518 0.1623 -0.1890
v 0.2384 0.2390 -0.1679
v 0.2445 0.2399 -0.1683
v 0.2401 0.3178 -0.1526
v 0.2469 0.3177 -0.1538
v 0.2393 0.3975 -0.1440
v 0.2464 0.3979 -0.1454
v 0.2363 0.4745 -0.1224
v 0.2428 0.4755 -0.1237
v 0.2311 0.5467 -0.0880
v 0.2361 0.5479 -0.0890
v 0.2259 0.6124 -0.0418
v 0.2264 0.6126 -0.0419
v 0.2594 0.0826 -0.2018
v 0.2600 0.0017 -0.2001
v 0.2555 0.1632 -0.1926
v 0.2486 0.2417 -0.1723
v 0.2513 0.3178 -0.1591
v 0.2507 0.3991 -0.1509
v 0.2466 0.4776 -0.1287
v 0.2388 0.5503 -0.0925
v 0.2267 0.6129 -0.0422
v -0.0843 0.0017 0.0479
v -0.0728 0.0751 0.0474
v -0.0828 0.0017 0.0509
v -0.0706 0.0748 0.0510
v -0.0611 0.1477 0.0437
v -0.0582 0.1475 0.0475
v -0.0502 0.2208 0.0382
v -0.0465 0.2205 0.0421
v -0.0386 0.2948 0.0419
v -0.0342 0.2930 0.0459
v -0.0238 0.3657 0.0576
v -0.0188 0.3638 0.0612
v -0.0137 0.4358 0.0787
v -0.0087 0.4344 0.0817
v -0.0081 0.5046 0.1055
v -0.0040 0.5037 0.1074
v -0.0054 0.5710 0.1384
v -0.0049 0.5709 0.1386
v -0.0666 0.0742 0.0518
v -0.0796 0.0016 0.0519
v -0.0536 0.1467 0.0480
v -0.0411 0.2198 0.0422
v -0.0283 0.2916 0.0452
v -0.0126 0.3630 0.0600
v -0.0030 0.4342 0.0802
v 0.0003 0.5042 0.1060
v -0.0045 0.5710 0.1384
v -0.1936 0.0004 0.0616
v -0.1733 0.0544 0.0647
v -0.1962 0.0014 0.0591
v -0.1766 0.0559 0.0619
v -0.1504 0.1069 0.0707
v -0.1542 0.1090 0.0678
v -0.1249 0.1575 0.0803
v -0.1292 0.1604 0.0773
v -0.1025 0.2029 0.1053
v -0.1072 0.2071 0.1027
v -0.0798 0.2446 0.1375
v -0.0848 0.2493 0.1355
v -0.0645 0.2859 0.1760
v -0.0696 0.2892 0.1737
v -0.0592 0.3224 0.2201
v -0.0633 0.3250 0.2188
v -0.0549 0.3550 0.2677
v -0.0554 0.3553 0.2676
v -0.1808 0.0575 0.0622
v -0.1997 0.0024 0.0591
v -0.1589 0.1111 0.0685
v -0.1345 0.1629 0.0785
v -0.1135 0.2090 0.1042
v -0.0913 0.2512 0.1376
v -0.0761 0.2893 0.1744
v -0.0683 0.3248 0.2197
v -0.0559 0.3553 0.2677
v -0.1036 0.0026 -0.2876
v -0.0760 0.0897 -0.2818
v -0.1002 0.0017 -0.2859
v -0.0710 0.0880 -0.2799
v -0.0513 0.1766 -0.2884
v -0.0444 0.1748 -0.2867
v -0.0282 0.2646 -0.2926
v -0.0214 0.2630 -0.2918
v -0.0033 0.3525 -0.2892
v -0.0027 0.3524 -0.2892
v -0.0660 0.0866 -0.2817
v -0.0964 0.0006 -0.2867
v -0.0382 0.1727 -0.2898
v -0.0157 0.2616 -0.2956
v -0.0023 0.3523 -0.2896
v -0.1167 0.0015 -0.2952
v -0.1143 0.0609 -0.2923
v -0.1156 0.0014 -0.2986
v -0.1127 0.0611 -0.2964
v -0.1121 0.1192 -0.2838
v -0.1101 0.1203 -0.2883
v -0.1191 0.1760 -0.2682
v -0.1167 0.1779 -0.2731
v -0.1261 0.2339 -0.2540
v -0.1231 0.2358 -0.2595
v -0.1319 0.2892 -0.2338
v -0.1286 0.2918 -0.2392
v -0.1364 0.3415 -0.2069
v -0.1332 0.3446 -0.2114
v -0.1395 0.3901 -0.1732
v -0.1369 0.3929 -0.1762
v -0.1400 0.4350 -0.1338
v -0.1397 0.4353 -0.1341
v -0.1143 0.0616 -0.3004
v -0.1171 0.0012 -0.3018
v -0.1118 0.1210 -0.2929
v -0.1186 0.1794 -0.2784
v -0.1249 0.2374 -0.2656
v -0.1304 0.2943 -0.2453
v -0.1347 0.3478 -0.2167
v -0.1380 0.3959 -0.1799
v -0.1398 0.4357 -0.1344
v 0.1483 0.0009 -0.0426
v 0.1423 0.0911 -0.0378
v 0.1520 0.0015 -0.0438
v 0.1473 0.0914 -0.0404
v 0.1316 0.1799 -0.0429
v 0.1375 0.1801 -0.0473
v 0.1155 0.2664 -0.0632
v 0.1205 0.2660 -0.0682
v 0.1029 0.3506 -0.0939
v 0.1032 0.3505 -0.0944
v 0.1496 0.0916 -0.0455
v 0.1542 0.0019 -0.0472
v 0.1395 0.1790 -0.0543
v 0.1213 0.2643 -0.0750
v 0.1032 0.3503 -0.0949
v -0.0298 0.0018 -0.4110
v -0.0281 0.0598 -0.4064
v -0.0270 0.0017 -0.4133
v -0.0247 0.0600 -0.4093
v -0.0258 0.1173 -0.3969
v -0.0222 0.1178 -0.4002
v -0.0220 0.1744 -0.3837
v -0.0180 0.1749 -0.3878
v -0.0159 0.2300 -0.3679
v -0.0116 0.2311 -0.3726
v -0.0092 0.2833 -0.3461
v -0.0049 0.2850 -0.3509
v -0.0071 0.3348 -0.3207
v -0.0033 0.3372 -0.3250
v -0.0085 0.3862 -0.2932
v -0.0057 0.3883 -0.2965
v -0.0077 0.4352 -0.2615
v -0.0074 0.4354 -0.2618
v -0.0244 0.0605 -0.4136
v -0.0266 0.0015 -0.4167
v -0.0220 0.1188 -0.4051
v -0.0181 0.1760 -0.3933
v -0.0118 0.2331 -0.3787
v -0.0053 0.2879 -0.3569
v -0.0039 0.3400 -0.3305
v -0.0065 0.3908 -0.3005
v -0.0075 0.4358 -0.2622
v 0.1952 0.0019 -0.1286
v 0.1745 0.0959 -0.1227
v 0.1933 0.0012 -0.1256
v 0.1723 0.0953 -0.1190
v 0.1638 0.1908 -0.1052
v 0.1614 0.1897 -0.1010
v 0.1498 0.2850 -0.0881
v 0.1470 0.2837 -0.0832
v 0.1327 0.3790 -0.0726
v 0.1295 0.3775 -0.0671
v 0.1122 0.4725 -0.0581
v 0.1090 0.4708 -0.0524
v 0.0968 0.5657 -0.0376
v 0.0939 0.5634 -0.0326
v 0.0885 0.6540 0.0013
v 0.0863 0.6521 0.0052
v 0.0758 0.7408 0.0424
v 0.0756 0.7406 0.0428
v 0.1733 0.0952 -0.1148
v 0.1941 0.0009 -0.1222
v 0.1626 0.1889 -0.0963
v 0.1484 0.2829 -0.0778
v 0.1312 0.3768 -0.0609
v 0.1107 0.4703 -0.0459
v 0.0957 0.5611 -0.0271
v 0.0877 0.6504 0.0095
v 0.0757 0.7404 0.0432
v -0.0398 0.0025 -0.0124
v -0.0714 0.0954 -0.0276
v -0.0431 0.0018 -0.0101
v -0.0754 0.0944 -0.0247
v -0.1040 0.1885 -0.0389
v -0.1085 0.1872 -0.0356
v -0.1199 0.2850 -0.0329
v -0.1252 0.2838 -0.0291
v -0.1373 0.3802 -0.0071
v -0.1429 0.3770 -0.0033
v -0.1611 0.4673 0.0344
v -0.1669 0.4637 0.0382
v -0.1853 0.5506 0.0832
v -0.1906 0.5469 0.0865
v -0.2099 0.6287 0.1397
v -0.2139 0.6256 0.1421
v -0.2360 0.6992 0.2047
v -0.2364 0.6988 0.2049
v -0.0770 0.0945 -0.0200
v -0.0444 0.0020 -0.0062
v -0.1102 0.1871 -0.0301
v -0.1269 0.2828 -0.0229
v -0.1445 0.3737 0.0032
v -0.1684 0.4598 0.0448
v -0.1919 0.5428 0.0923
v -0.2148 0.6221 0.1463
v -0.2365 0.6984 0.2053
v -0.2003 0.0003 0.0543
v -0.1690 0.0850 0.0563
v -0.2035 0.0013 0.0557
v -0.1727 0.0863 0.0584
v -0.1379 0.1699 0.0562
v -0.1420 0.1713 0.0589
v -0.1071 0.2557 0.0548
v -0.1117 0.2565 0.0584
v -0.0852 0.3432 0.0611
v -0.0900 0.3440 0.0656
v -0.0638 0.4308 0.0671
v -0.0684 0.4316 0.0722
v -0.0411 0.5180 0.0756
v -0.0450 0.5183 0.0807
v -0.0104 0.6009 0.0949
v -0.0131 0.6010 0.0991
v 0.0190 0.6834 0.1179
v 0.0188 0.6834 0.1184
v -0.1742 0.0867 0.0626
v -0.2050 0.0016 0.0590
v -0.1431 0.1718 0.0638
v -0.1127 0.2563 0.0642
v -0.0906 0.3437 0.0722
v -0.0683 0.4311 0.0791
v -0.0447 0.5169 0.0869
v -0.0124 0.5996 0.1038
v 0.0189 0.6832 0.1188
v 0.1977 0.0022 -0.2124
v 0.2238 0.0944 -0.2235
v 0.1982 0.0019 -0.2159
v 0.2246 0.0937 -0.2278
v 0.2533 0.1855 -0.2330
v 0.2544 0.1846 -0.2378
v 0.2676 0.2800 -0.2352
v 0.2693 0.2796 -0.2407
v 0.2847 0.3746 -0.2346
v 0.2870 0.3742 -0.2407
v 0.3054 0.4684 -0.2314
v 0.3082 0.4680 -0.2376
v 0.3297 0.5612 -0.2253
v 0.3327 0.5609 -0.2309
v 0.3580 0.6526 -0.2162
v 0.3605 0.6524 -0.2204
v 0.3885 0.7438 -0.2170
v 0.3887 0.7437 -0.2175
v 0.2223 0.0939 -0.2315
v 0.1962 0.0023 -0.2188
v 0.2520 0.1850 -0.2422
v 0.2669 0.2799 -0.2459
v 0.2846 0.3748 -0.2468
v 0.3061 0.4689 -0.2440
v 0.3311 0.5619 -0.2369
v 0.3596 0.6533 -0.2251
v 0.3887 0.7437 -0.2180
v -0.0309 0.0021 -0.0183
v -0.0156 0.0855 0.0010
v -0.0275 0.0013 -0.0178
v -0.0114 0.0845 0.0017
v -0.0021 0.1683 0.0235
v 0.0027 0.1672 0.0245
v 0.0094 0.2504 0.0495
v 0.0149 0.2492 0.0508
v 0.0189 0.3315 0.0791
v 0.0251 0.3301 0.0808
v 0.0268 0.4113 0.1127
v 0.0332 0.4098 0.1147
v 0.0356 0.4902 0.1503
v 0.0412 0.4878 0.1519
v 0.0550 0.5714 0.1705
v 0.0594 0.5701 0.1720
v 0.0743 0.6531 0.1933
v 0.0748 0.6530 0.1935
v -0.0078 0.0845 -0.0008
v -0.0246 0.0013 -0.0199
v 0.0070 0.1673 0.0219
v 0.0199 0.2494 0.0481
v 0.0309 0.3306 0.0780
v 0.0394 0.4105 0.1120
v 0.0468 0.4874 0.1492
v 0.0638 0.5697 0.1701
v 0.0753 0.6529 0.1933
v -0.0176 0.0022 -0.3957
v -0.0240 0.0672 -0.3979
v -0.0188 0.0020 -0.3995
v -0.0254 0.0667 -0.4026
v -0.0293 0.1321 -0.4022
v -0.0306 0.1315 -0.4076
v -0.0331 0.1970 -0.4081
v -0.0345 0.1962 -0.4143
v -0.0357 0.2618 -0.4154
v -0.0369 0.2608 -0.4226
v -0.0370 0.3264 -0.4248
v -0.0381 0.3252 -0.4323
v -0.0371 0.3906 -0.4362
v -0.0378 0.3894 -0.4431
v -0.0358 0.4545 -0.4497
v -0.0362 0.4534 -0.4550
v -0.0344 0.5171 -0.4685
v -0.0344 0.5170 -0.4691
v -0.0294 0.0662 -0.4054
v -0.0222 0.0017 -0.4016
v -0.0351 0.1309 -0.4109
v -0.0394 0.1955 -0.4183
v -0.0424 0.2599 -0.4274
v -0.0436 0.3243 -0.4374
v -0.0427 0.3886 -0.4481
v -0.0398 0.4528 -0.4590
v -0.0348 0.5168 -0.4695
v 0.0988 0.0016 0.0307
v 0.1031 0.0621 0.0458
v 0.1018 0.0019 0.0286
v 0.1068 0.0627 0.0431
v 0.1084 0.1196 0.0695
v 0.1123 0.1207 0.0663
v 0.1141 0.1723 0.1019
v 0.1185 0.1743 0.0983
v 0.1204 0.2187 0.1426
v 0.1252 0.2217 0.1388
v 0.1186 0.2614 0.1860
v 0.1233 0.2657 0.1828
v 0.1174 0.3101 0.2271
v 0.1215 0.3129 0.2229
v 0.1237 0.3560 0.2682
v 0.1267 0.3588 0.2653
v 0.1320 0.3952 0.3161
v 0.1323 0.3955 0.3159
v 0.1076 0.0640 0.0388
v 0.1027 0.0024 0.0250
v 0.1130 0.1229 0.0617
v 0.1191 0.1777 0.0935
v 0.1256 0.2265 0.1341
v 0.1232 0.2706 0.1779
v 0.1212 0.3169 0.2177
v 0.1262 0.3626 0.2620
v 0.1323 0.3960 0.3156
v 0.1139 0.0026 0.0220
v 0.1296 0.0712 0.0324
v 0.1178 0.0018 0.0224
v 0.1344 0.0700 0.0329
v 0.1446 0.1399 0.0410
v 0.1501 0.1385 0.0418
v 0.1587 0.2089 0.0480
v 0.1649 0.2075 0.0492
v 0.1718 0.2783 0.0532
v 0.1789 0.2768 0.0548
v 0.1847 0.3478 0.0568
v 0.1921 0.3464 0.0587
v 0.1953 0.4170 0.0506
v 0.2021 0.4163 0.0526
v 0.2058 0.4865 0.0419
v 0.2110 0.4861 0.0436
v 0.2184 0.5557 0.0325
v 0.2189 0.5557 0.0327
v 0.1385 0.0694 0.0303
v 0.1212 0.0018 0.0202
v 0.1549 0.1378 0.0390
v 0.1705 0.2066 0.0461
v 0.1854 0.2758 0.0516
v 0.1989 0.3453 0.0556
v 0.2086 0.4151 0.0499
v 0.2160 0.4852 0.0417
v 0.2195 0.5556 0.0325
v 0.1125 0.0013 0.0367
v 0.1248 0.0727 0.0391
v 0.1148 0.0009 0.0397
v 0.1275 0.0720 0.0429
v 0.1382 0.1438 0.0407
v 0.1411 0.1432 0.0452
v 0.1496 0.2153 0.0420
v 0.1528 0.2147 0.0473
v 0.1590 0.2871 0.0432
v 0.1624 0.2865 0.0494
v 0.1667 0.3590 0.0453
v 0.1700 0.3585 0.0518
v 0.1726 0.4312 0.0487
v 0.1755 0.4307 0.0549
v 0.1769 0.5033 0.0539
v 0.1789 0.5030 0.0588
v 0.1800 0.5753 0.0633
v 0.1802 0.5752 0.0639
v 0.1320 0.0711 0.0440
v 0.1185 0.0006 0.0405
v 0.1462 0.1422 0.0467
v 0.1586 0.2137 0.0492
v 0.1690 0.2856 0.0519
v 0.1767 0.3578 0.0546
v 0.1816 0.4302 0.0577
v 0.1835 0.5027 0.0611
v 0.1807 0.5752 0.0641
v -0.1168 0.0017 -0.0530
v -0.1111 0.1065 -0.0474
v -0.1188 0.0019 -0.0558
v -0.1140 0.1065 -0.0505
v -0.1121 0.2113 -0.0431
v -0.1158 0.2114 -0.0462
v -0.1065 0.3160 -0.0413
v -0.1111 0.3164 -0.0444
v -0.0944 0.4202 -0.0418
v -0.1000 0.4208 -0.0446
v -0.0857 0.5237 -0.0286
v -0.0918 0.5247 -0.0308
v -0.0728 0.6289 -0.0187
v -0.0787 0.6281 -0.0200
v -0.0833 0.7328 -0.0273
v -0.0879 0.7325 -0.0278
v -0.0934 0.8369 -0.0305
v -0.0939 0.8369 -0.0305
v -0.1182 0.1065 -0.0506
v -0.1221 0.0020 -0.0563
v -0.1205 0.2115 -0.0457
v -0.1164 0.3168 -0.0431
v -0.1059 0.4208 -0.0425
v -0.0975 0.5250 -0.0279
v -0.0837 0.6277 -0.0167
v -0.0914 0.7325 -0.0248
v -0.0943 0.8368 -0.0302
v 0.0303 0.0009 -0.3088
v 0.0424 0.0882 -0.2790
v 0.0275 0.0020 -0.3113
v 0.0387 0.0898 -0.2818
v 0.0456 0.1736 -0.2413
v 0.0410 0.1748 -0.2443
v 0.0453 0.2548 -0.1967
v 0.0398 0.2566 -0.1995
v 0.0498 0.3309 -0.1444
v 0.0433 0.3333 -0.1467
v 0.0534 0.3941 -0.0767
v 0.0464 0.3966 -0.0782
v 0.0622 0.4515 -0.0045
v 0.0555 0.4537 -0.0051
v 0.0755 0.5019 0.0722
v 0.0703 0.5035 0.0724
v 0.0750 0.5502 0.1528
v 0.0744 0.5503 0.1527
v 0.0339 0.0905 -0.2816
v 0.0236 0.0024 -0.3115
v 0.0355 0.1745 -0.2441
v 0.0335 0.2561 -0.1987
v 0.0362 0.3322 -0.1456
v 0.0392 0.3952 -0.0764
v 0.0491 0.4521 -0.0029
v 0.0655 0.5019 0.0742
v 0.0739 0.5500 0.1528
v -0.2592 0.0020 -0.2419
v -0.2787 0.0860 -0.2715
v -0.2562 0.0016 -0.2446
v -0.2751 0.0854 -0.2749
v -0.3021 0.1676 -0.3052
v -0.2981 0.1672 -0.3092
v -0.3239 0.2525 -0.3306
v -0.3196 0.2523 -0.3354
v -0.3399 0.3398 -0.3554
v -0.3349 0.3388 -0.3607
v -0.3493 0.4277 -0.3791
v -0.3443 0.4267 -0.3847
v -0.3550 0.5170 -0.3959
v -0.3505 0.5166 -0.4013
v -0.3732 0.6047 -0.4109
v -0.3699 0.6050 -0.4153
v -0.3887 0.6945 -0.4186
v -0.3884 0.6946 -0.4191
v -0.2743 0.0836 -0.2793
v -0.2555 0.0006 -0.2483
v -0.2974 0.1655 -0.3145
v -0.3190 0.2509 -0.3416
v -0.3344 0.3367 -0.3676
v -0.3439 0.4250 -0.3921
v -0.3504 0.5157 -0.4083
v -0.3700 0.6044 -0.4206
v -0.3884 0.6946 -0.4197
v -0.2179 0.0021 -0.0107
v -0.1925 0.0765 -0.0477
v -0.2211 0.0020 -0.0131
v -0.1966 0.0774 -0.0502
v -0.1637 0.1588 -0.0568
v -0.1685 0.1605 -0.0590
v -0.1455 0.2426 -0.0775
v -0.1518 0.2422 -0.0784
v -0.1394 0.3241 -0.1081
v -0.1466 0.3251 -0.1084
v -0.1257 0.4073 -0.1265
v -0.1332 0.4080 -0.1257
v -0.1101 0.4923 -0.1149
v -0.1167 0.4938 -0.1129
v -0.0831 0.5746 -0.1031
v -0.0876 0.5762 -0.1006
v -0.0567 0.6575 -0.0923
v -0.0571 0.6575 -0.0920
v -0.2013 0.0786 -0.0496
v -0.2250 0.0028 -0.0130
v -0.1733 0.1628 -0.0575
v -0.1573 0.2432 -0.0753
v -0.1521 0.3274 -0.1043
v -0.1385 0.4078 -0.1204
v -0.1206 0.4940 -0.1071
v -0.0898 0.5764 -0.0957
v -0.0573 0.6576 -0.0914
v -0.1700 0.0033 -0.1106
v -0.1713 0.1034 -0.1144
v -0.1712 0.0020 -0.1139
v -0.1737 0.1022 -0.1189
v -0.1785 0.2020 -0.1167
v -0.1828 0.2025 -0.1220
v -0.1874 0.2955 -0.0874
v -0.1922 0.2964 -0.0918
v -0.2154 0.3776 -0.0368
v -0.2158 0.3777 -0.0370
v -0.1786 0.1012 -0.1205
v -0.1744 0.0011 -0.1156
v -0.1895 0.2024 -0.1231
v -0.1986 0.2949 -0.0925
v -0.2163 0.3776 -0.0370
v -0.1317 0.0024 -0.3350
v -0.1401 0.0952 -0.3210
v -0.1354 0.0020 -0.3334
v -0.1443 0.0944 -0.3185
v -0.1422 0.1855 -0.2944
v -0.1466 0.1843 -0.2911
v -0.1510 0.2712 -0.2544
v -0.1554 0.2686 -0.2505
v -0.1599 0.3526 -0.2073
v -0.1642 0.3490 -0.2025
v -0.1692 0.4290 -0.1522
v -0.1728 0.4245 -0.1471
v -0.1785 0.4989 -0.0882
v -0.1809 0.4937 -0.0841
v -0.1764 0.5514 -0.0094
v -0.1776 0.5469 -0.0066
v -0.1738 0.5916 0.0760
v -0.1739 0.5911 0.0763
v -0.1460 0.0932 -0.3141
v -0.1372 0.0013 -0.3300
v -0.1478 0.1824 -0.2860
v -0.1559 0.2655 -0.2448
v -0.1638 0.3450 -0.1964
v -0.1713 0.4199 -0.1413
v -0.1786 0.4884 -0.0800
v -0.1752 0.5427 -0.0042
v -0.1735 0.5906 0.0765
v 0.0874 0.0014 -0.4262
v 0.0953 0.0650 -0.4152
v 0.0846 0.0015 -0.4241
v 0.0922 0.0651 -0.4122
v 0.1109 0.1277 -0.4048
v 0.1076 0.1280 -0.4011
v 0.1257 0.1912 -0.4003
v 0.1224 0.1918 -0.3957
v 0.1396 0.2550 -0.4014
v 0.1364 0.2560 -0.3958
v 0.1522 0.3187 -0.4076
v 0.1495 0.3201 -0.4015
v 0.1636 0.3821 -0.4183
v 0.1617 0.3837 -0.4126
v 0.1701 0.4475 -0.4265
v 0.1690 0.4480 -0.4219
v 0.1718 0.5130 -0.4305
v 0.1717 0.5131 -0.4300
v 0.0918 0.0643 -0.4080
v 0.0840 0.0012 -0.4206
v 0.1078 0.1273 -0.3962
v 0.1232 0.1914 -0.3901
v 0.1379 0.2559 -0.3896
v 0.1518 0.3205 -0.3952
v 0.1644 0.3844 -0.4070
v 0.1714 0.4482 -0.4178
v 0.1720 0.5132 -0.4296
v 0.0724 0.0016 -0.4129
v 0.0710 0.0808 -0.4058
v 0.0711 0.0017 -0.4096
v 0.0693 0.0803 -0.4017
v 0.0713 0.1589 -0.3952
v 0.0694 0.1583 -0.3906
v 0.0787 0.2366 -0.3807
v 0.0765 0.2356 -0.3755
v 0.0841 0.3135 -0.3614
v 0.0815 0.3119 -0.3556
v 0.0871 0.3889 -0.3361
v 0.0843 0.3868 -0.3303
v 0.0923 0.4615 -0.3045
v 0.0897 0.4592 -0.2992
v 0.0954 0.5310 -0.2657
v 0.0934 0.5288 -0.2619
v 0.0950 0.5949 -0.2187
v 0.0948 0.5947 -0.2183
v 0.0709 0.0799 -0.3977
v 0.0724 0.0017 -0.4063
v 0.0712 0.1574 -0.3861
v 0.0785 0.2343 -0.3703
v 0.0837 0.3101 -0.3498
v 0.0867 0.3845 -0.3244
v 0.0918 0.4565 -0.2940
v 0.0949 0.5264 -0.2581
v 0.0949 0.5944 -0.2180
v -0.1466 0.0027 0.0193
v -0.1157 0.0981 0.0357
v -0.1433 0.0017 0.0207
v -0.1118 0.0965 0.0375
v -0.0956 0.1913 0.0698
v -0.0912 0.1895 0.0720
v -0.0875 0.2783 0.1210
v -0.0825 0.2762 0.1237
v -0.0830 0.3652 0.1729
v -0.0776 0.3619 0.1758
v -0.0658 0.4476 0.2290
v -0.0603 0.4444 0.2323
v -0.0463 0.5211 0.2977
v -0.0418 0.5166 0.2995
v -0.0218 0.5744 0.3806
v -0.0185 0.5707 0.3819
v -0.0069 0.6206 0.4693
v -0.0066 0.6203 0.4695
v -0.1075 0.0956 0.0361
v -0.1398 0.0012 0.0195
v -0.0861 0.1892 0.0709
v -0.0766 0.2765 0.1230
v -0.0710 0.3609 0.1746
v -0.0533 0.4438 0.2316
v -0.0356 0.5152 0.2982
v -0.0136 0.5698 0.3815
v -0.0060 0.6202 0.4695
v 0.1628 0.0016 -0.1152
v 0.1544 0.0799 -0.1000
v 0.1591 0.0012 -0.1162
v 0.1497 0.0795 -0.1006
v 0.1496 0.1529 -0.0680
v 0.1442 0.1525 -0.0677
v 0.1426 0.2238 -0.0292
v 0.1367 0.2221 -0.0287
v 0.1291 0.2895 0.0151
v 0.1227 0.2870 0.0166
v 0.1134 0.3506 0.0656
v 0.1074 0.3471 0.0677
v 0.0992 0.4063 0.1220
v 0.0942 0.4025 0.1244
v 0.0870 0.4558 0.1846
v 0.0837 0.4523 0.1866
v 0.0764 0.4964 0.2534
v 0.0761 0.4960 0.2536
v 0.1459 0.0785 -0.0980
v 0.1558 0.0003 -0.1147
v 0.1405 0.1506 -0.0645
v 0.1332 0.2189 -0.0248
v 0.1196 0.2828 0.0213
v 0.1053 0.3421 0.0725
v 0.0933 0.3974 0.1287
v 0.0839 0.4481 0.1896
v 0.0762 0.4955 0.2539
v 0.1238 0.0015 -0.2696
v 0.1225 0.0729 -0.2586
v 0.1244 0.0012 -0.2657
v 0.1231 0.0722 -0.2538
v 0.1204 0.1441 -0.2499
v 0.1210 0.1435 -0.2444
v 0.1167 0.2155 -0.2440
v 0.1173 0.2151 -0.2376
v 0.1114 0.2870 -0.2408
v 0.1120 0.2868 -0.2336
v 0.1124 0.3580 -0.2440
v 0.1130 0.3586 -0.2365
v 0.1143 0.4295 -0.2502
v 0.1147 0.4303 -0.2433
v 0.1146 0.5009 -0.2579
v 0.1147 0.5017 -0.2526
v 0.1132 0.5726 -0.2650
v 0.1132 0.5727 -0.2644
v 0.1267 0.0717 -0.2505
v 0.1273 0.0011 -0.2631
v 0.1251 0.1432 -0.2406
v 0.1218 0.2151 -0.2332
v 0.1170 0.2870 -0.2283
v 0.1181 0.3588 -0.2310
v 0.1193 0.4308 -0.2381
v 0.1183 0.5023 -0.2486
v 0.1136 0.5728 -0.2640
v -0.1418 0.0007 0.0184
v -0.1163 0.0804 -0.0091
v -0.1441 0.0017 0.0209
v -0.1195 0.0819 -0.0055
v -0.0980 0.1619 -0.0352
v -0.1020 0.1645 -0.0307
v -0.0836 0.2391 -0.0735
v -0.0872 0.2422 -0.0694
v -0.0755 0.3121 -0.1216
v -0.0758 0.3124 -0.1213
v -0.1191 0.0829 -0.0006
v -0.1440 0.0023 0.0244
v -0.1013 0.1667 -0.0247
v -0.0863 0.2453 -0.0641
v -0.0757 0.3128 -0.1209
v -0.1283 0.0012 -0.2511
v -0.1266 0.1015 -0.2485
v -0.1280 0.0013 -0.2548
v -0.1260 0.1009 -0.2530
v -0.1364 0.2000 -0.2485
v -0.1355 0.2005 -0.2536
v -0.1447 0.2980 -0.2327
v -0.1435 0.2994 -0.2385
v -0.1435 0.3931 -0.2029
v -0.1418 0.3954 -0.2092
v -0.1458 0.4827 -0.1579
v -0.1436 0.4846 -0.1643
v -0.1515 0.5769 -0.1261
v -0.1491 0.5794 -0.1317
v -0.1494 0.6666 -0.0813
v -0.1474 0.6683 -0.0856
v -0.1474 0.7592 -0.0431
v -0.1472 0.7594 -0.0435
v -0.1285 0.1005 -0.2568
v -0.1302 0.0014 -0.2578
v -0.1383 0.2005 -0.2580
v -0.1465 0.3004 -0.2435
v -0.1449 0.3978 -0.2147
v -0.1464 0.4859 -0.1707
v -0.1515 0.5818 -0.1373
v -0.1489 0.6699 -0.0901
v -0.1473 0.7597 -0.0439
v 0.1051 0.0008 -0.1651
v 0.0979 0.1107 -0.1717
v 0.1080 0.0010 -0.1671
v 0.1014 0.1110 -0.1750
v 0.0835 0.2006 -0.2381
v 0.0882 0.1983 -0.2418
v 0.0771 0.2887 -0.3058
v 0.0809 0.2859 -0.3097
v 0.0785 0.3613 -0.3898
v 0.0787 0.3610 -0.3900
v 0.1017 0.1100 -0.1797
v 0.1087 0.0005 -0.1704
v 0.0884 0.1944 -0.2468
v 0.0802 0.2822 -0.3144
v 0.0786 0.3606 -0.3903
v 0.0955 0.0012 -0.1739
v 0.0907 0.0623 -0.1589
v 0.0919 0.0016 -0.1757
v 0.0863 0.0617 -0.1613
v 0.0811 0.1237 -0.1515
v 0.0760 0.1233 -0.1541
v 0.0755 0.1825 -0.1369
v 0.0694 0.1830 -0.1396
v 0.0736 0.2413 -0.1157
v 0.0666 0.2421 -0.1184
v 0.0768 0.3017 -0.1003
v 0.0694 0.3029 -0.1029
v 0.0847 0.3630 -0.0911
v 0.0778 0.3644 -0.0933
v 0.0783 0.4269 -0.0907
v 0.0730 0.4255 -0.0924
v 0.0617 0.4869 -0.0973
v 0.0611 0.4868 -0.0975
v 0.0814 0.0606 -0.1606
v 0.0878 0.0014 -0.1751
v 0.0703 0.1225 -0.1531
v 0.0630 0.1819 -0.1383
v 0.0593 0.2415 -0.1165
v 0.0620 0.3031 -0.1005
v 0.0711 0.3654 -0.0908
v 0.0679 0.4244 -0.0904
v 0.0605 0.4867 -0.0973
v -0.1048 0.0012 -0.0477
v -0.1039 0.1005 -0.0460
v -0.1014 0.0011 -0.0486
v -0.0998 0.1006 -0.0474
v -0.0954 0.1991 -0.0332
v -0.0910 0.1986 -0.0353
v -0.0786 0.2939 -0.0100
v -0.0737 0.2939 -0.0127
v -0.0880 0.3910 0.0006
v -0.0828 0.3923 -0.0028
v -0.0996 0.4847 0.0289
v -0.0947 0.4870 0.0252
v -0.1170 0.5728 0.0694
v -0.1130 0.5757 0.0658
v -0.1159 0.6687 0.0999
v -0.1129 0.6702 0.0966
v -0.1138 0.7555 0.1475
v -0.1136 0.7557 0.1472
v -0.0980 0.1010 -0.0512
v -0.0997 0.0010 -0.0515
v -0.0894 0.1989 -0.0398
v -0.0722 0.2954 -0.0178
v -0.0817 0.3935 -0.0089
v -0.0943 0.4895 0.0191
v -0.1132 0.5781 0.0603
v -0.1133 0.6721 0.0924
v -0.1136 0.7560 0.1468
v 0.2906 0.0013 -0.1201
v 0.2836 0.0854 -0.1249
v 0.2908 0.0015 -0.1161
v 0.2838 0.0856 -0.1199
v 0.2662 0.1683 -0.1267
v 0.2664 0.1683 -0.1211
v 0.2385 0.2502 -0.1238
v 0.2393 0.2482 -0.1177
v 0.2122 0.3250 -0.0936
v 0.2132 0.3224 -0.0868
v 0.1891 0.3995 -0.0604
v 0.1901 0.3957 -0.0540
v 0.1771 0.4689 -0.0128
v 0.1781 0.4649 -0.0071
v 0.1557 0.5314 0.0406
v 0.1565 0.5281 0.0448
v 0.1481 0.5912 0.1003
v 0.1482 0.5908 0.1007
v 0.2869 0.0862 -0.1163
v 0.2934 0.0021 -0.1132
v 0.2699 0.1692 -0.1169
v 0.2439 0.2477 -0.1132
v 0.2182 0.3221 -0.0816
v 0.1956 0.3934 -0.0494
v 0.1831 0.4629 -0.0027
v 0.1603 0.5265 0.0482
v 0.1486 0.5906 0.1010
v 0.1164 0.0017 -0.3707
v 0.0872 0.0521 -0.3845
v 0.1156 0.0012 -0.3748
v 0.0864 0.0503 -0.3892
v 0.0629 0.1038 -0.3996
v 0.0618 0.1017 -0.4049
v 0.0420 0.1566 -0.4143
v 0.0402 0.1544 -0.4203
v 0.0170 0.2091 -0.4239
v 0.0145 0.2066 -0.4305
v -0.0032 0.2633 -0.4348
v -0.0063 0.2608 -0.4416
v -0.0187 0.3187 -0.4470
v -0.0220 0.3167 -0.4532
v -0.0336 0.3745 -0.4581
v -0.0365 0.3731 -0.4627
v -0.0564 0.4283 -0.4654
v -0.0567 0.4281 -0.4658
v 0.0832 0.0477 -0.3919
v 0.1126 0.0000 -0.3773
v 0.0577 0.0991 -0.4079
v 0.0354 0.1512 -0.4234
v 0.0086 0.2034 -0.4338
v -0.0129 0.2580 -0.4447
v -0.0284 0.3146 -0.4558
v -0.0416 0.3717 -0.4645
v -0.0572 0.4279 -0.4660
v 0.1119 0.0022 0.0219
v 0.1065 0.0950 0.0350
v 0.1081 0.0021 0.0209
v 0.1020 0.0943 0.0335
v 0.0915 0.1875 0.0427
v 0.0864 0.1869 0.0407
v 0.0873 0.2723 0.0779
v 0.0815 0.2732 0.0757
v 0.0904 0.3591 0.1136
v 0.0839 0.3605 0.1108
v 0.0942 0.4490 0.1444
v 0.0877 0.4494 0.1408
v 0.0866 0.5388 0.1709
v 0.0808 0.5395 0.1673
v 0.0849 0.6304 0.1918
v 0.0806 0.6312 0.1888
v 0.0873 0.7235 0.2060
v 0.0868 0.7236 0.2057
v 0.0977 0.0932 0.0352
v 0.1046 0.0015 0.0225
v 0.0813 0.1862 0.0424
v 0.0756 0.2724 0.0774
v 0.0771 0.3603 0.1126
v 0.0805 0.4482 0.1419
v 0.0740 0.5390 0.1681
v 0.0754 0.6313 0.1892
v 0.0863 0.7237 0.2057
v -0.2528 0.0007 -0.2565
v -0.2414 0.0562 -0.2505
v -0.2565 0.0015 -0.2560
v -0.2455 0.0569 -0.2496
v -0.2300 0.1116 -0.2459
v -0.2344 0.1124 -0.2444
v -0.2180 0.1670 -0.2427
v -0.2225 0.1679 -0.2408
v -0.2056 0.2224 -0.2409
v -0.2101 0.2234 -0.2384
v -0.1926 0.2777 -0.2402
v -0.1972 0.2787 -0.2371
v -0.1792 0.3328 -0.2408
v -0.1838 0.3340 -0.2370
v -0.1636 0.3882 -0.2359
v -0.1685 0.3882 -0.2315
v -0.1531 0.4430 -0.2251
v -0.1578 0.4429 -0.2200
v -0.1422 0.4978 -0.2150
v -0.1466 0.4976 -0.2094
v -0.1310 0.5526 -0.2056
v -0.1349 0.5524 -0.1995
v -0.1193 0.6074 -0.1966
v -0.1226 0.6071 -0.1903
v -0.1072 0.6622 -0.1879
v -0.1097 0.6619 -0.1817
v -0.0946 0.7169 -0.1794
v -0.0963 0.7166 -0.1737
v -0.0814 0.7716 -0.1710
v -0.0824 0.7712 -0.1660
v -0.0662 0.8240 -0.1526
v -0.0668 0.8228 -0.1495
v -0.0506 0.8730 -0.1283
v -0.0507 0.8728 -0.1278
v -0.2480 0.0570 -0.2462
v -0.2589 0.0017 -0.2532
v -0.2368 0.1126 -0.2405
v -0.2247 0.1681 -0.2363
v -0.2119 0.2236 -0.2334
v -0.1986 0.2790 -0.2317
v -0.1848 0.3343 -0.2310
v -0.1694 0.3870 -0.2252
v -0.1581 0.4416 -0.2133
v -0.1463 0.4963 -0.2025
v -0.1339 0.5510 -0.1926
v -0.1210 0.6057 -0.1837
v -0.1076 0.6604 -0.1756
v -0.0940 0.7152 -0.1683
v -0.0800 0.7699 -0.1617
v -0.0652 0.8212 -0.1470
v -0.0504 0.8726 -0.1274
v -0.1947 0.0012 0.0434
v -0.2042 0.0671 0.0497
v -0.1942 0.0017 0.0393
v -0.2036 0.0678 0.0446
v -0.2120 0.1324 0.0605
v -0.2114 0.1336 0.0548
v -0.2220 0.1954 0.0772
v -0.2216 0.1976 0.0709
v -0.2380 0.2552 0.1010
v -0.2378 0.2583 0.0941
v -0.2519 0.3132 0.1300
v -0.2519 0.3170 0.1231
v -0.2636 0.3687 0.1641
v -0.2639 0.3729 0.1581
v -0.2730 0.4215 0.2032
v -0.2734 0.4251 0.1990
v -0.2833 0.4780 0.2385
v -0.2834 0.4783 0.2380
v -0.2062 0.0680 0.0403
v -0.1962 0.0016 0.0357
v -0.2145 0.1342 0.0499
v -0.2252 0.1984 0.0653
v -0.2421 0.2599 0.0880
v -0.2567 0.3192 0.1172
v -0.2685 0.3755 0.1530
v -0.2771 0.4276 0.1955
v -0.2838 0.4786 0.2376
v -0.1059 0.0018 -0.0607
v -0.0887 0.1029 -0.0671
v -0.1025 0.0014 -0.0631
v -0.0845 0.1020 -0.0699
v -0.0743 0.2036 -0.0719
v -0.0694 0.2030 -0.0751
v -0.0678 0.3055 -0.0784
v -0.0622 0.3049 -0.0819
v -0.0601 0.4076 -0.0798
v -0.0536 0.4070 -0.0838
v -0.0626 0.5089 -0.0896
v -0.0558 0.5087 -0.0935
v -0.0588 0.6109 -0.1063
v -0.0525 0.6093 -0.1096
v -0.0450 0.7097 -0.1288
v -0.0401 0.7086 -0.1313
v -0.0255 0.8084 -0.1487
v -0.0250 0.8082 -0.1490
v -0.0830 0.1015 -0.0747
v -0.1012 0.0013 -0.0670
v -0.0676 0.2024 -0.0805
v -0.0599 0.3045 -0.0882
v -0.0509 0.4068 -0.0908
v -0.0528 0.5080 -0.1008
v -0.0497 0.6074 -0.1160
v -0.0378 0.7074 -0.1363
v -0.0247 0.8080 -0.1495
v -0.2149 0.0013 -0.0152
v -0.2177 0.1003 -0.0130
v -0.2112 0.0018 -0.0159
v -0.2126 0.1006 -0.0146
v -0.2359 0.1951 -0.0186
v -0.2298 0.1964 -0.0217
v -0.2631 0.2893 -0.0239
v -0.2578 0.2910 -0.0276
v -0.2657 0.3884 -0.0338
v -0.2653 0.3884 -0.0342
v -0.2098 0.1010 -0.0192
v -0.2088 0.0021 -0.0188
v -0.2269 0.1963 -0.0280
v -0.2561 0.2916 -0.0341
v -0.2652 0.3883 -0.0347
v -0.0316 0.0016 -0.0077
v -0.0392 0.1109 -0.0022
v -0.0352 0.0017 -0.0086
v -0.0435 0.1106 -0.0033
v -0.0465 0.2193 0.0075
v -0.0515 0.2194 0.0064
v -0.0484 0.3249 0.0363
v -0.0541 0.3252 0.0351
v -0.0469 0.4290 0.0697
v -0.0534 0.4296 0.0684
v -0.0427 0.5311 0.1084
v -0.0495 0.5320 0.1073
v -0.0359 0.6306 0.1531
v -0.0422 0.6317 0.1522
v -0.0269 0.7269 0.2043
v -0.0317 0.7278 0.2037
v -0.0319 0.8191 0.2639
v -0.0324 0.8192 0.2638
v -0.0474 0.1101 -0.0012
v -0.0384 0.0019 -0.0068
v -0.0559 0.2186 0.0088
v -0.0591 0.3243 0.0379
v -0.0591 0.4285 0.0717
v -0.0553 0.5309 0.1107
v -0.0476 0.6306 0.1554
v -0.0359 0.7269 0.2062
v -0.0329 0.8190 0.2641
v -0.2097 0.0009 0.0007
v -0.2039 0.0765 0.0127
v -0.2059 0.0010 -0.0001
v -0.1995 0.0758 0.0109
v -0.1901 0.1506 0.0248
v -0.1853 0.1503 0.0222
v -0.1810 0.2249 0.0393
v -0.1759 0.2251 0.0357
v -0.1838 0.3008 0.0446
v -0.1786 0.3015 0.0397
v -0.1934 0.3764 0.0472
v -0.1888 0.3775 0.0415
v -0.2077 0.4515 0.0501
v -0.2040 0.4518 0.0443
v -0.2306 0.5229 0.0320
v -0.2281 0.5221 0.0274
v -0.2451 0.5948 0.0103
v -0.2449 0.5948 0.0098
v -0.1972 0.0758 0.0067
v -0.2035 0.0013 -0.0032
v -0.1833 0.1509 0.0172
v -0.1743 0.2262 0.0297
v -0.1778 0.3022 0.0327
v -0.1890 0.3778 0.0341
v -0.2044 0.4501 0.0377
v -0.2291 0.5205 0.0225
v -0.2451 0.5946 0.0093
v 0.1055 0.0017 -0.0970
v 0.1066 0.0589 -0.0939
v 0.1034 0.0014 -0.0941
v 0.1040 0.0587 -0.0903
v 0.1071 0.1163 -0.0899
v 0.1042 0.1160 -0.0859
v 0.1085 0.1725 -0.0756
v 0.1052 0.1713 -0.0710
v 0.1119 0.2276 -0.0591
v 0.1081 0.2261 -0.0539
v 0.1145 0.2820 -0.0404
v 0.1106 0.2802 -0.0351
v 0.1163 0.3356 -0.0190
v 0.1126 0.3337 -0.0142
v 0.1170 0.3878 0.0053
v 0.1142 0.3862 0.0090
v 0.1156 0.4377 0.0343
v 0.1153 0.4375 0.0347
v 0.1047 0.0584 -0.0860
v 0.1040 0.0011 -0.0906
v 0.1049 0.1155 -0.0810
v 0.1060 0.1697 -0.0656
v 0.1091 0.2240 -0.0478
v 0.1116 0.2779 -0.0289
v 0.1136 0.3313 -0.0085
v 0.1149 0.3841 0.0133
v 0.1154 0.4372 0.0352
v 0.1092 0.0014 -0.0932
v 0.1205 0.0829 -0.0994
v 0.1061 0.0016 -0.0912
v 0.1168 0.0836 -0.0970
v 0.1300 0.1660 -0.1104
v 0.1258 0.1654 -0.1075
v 0.1214 0.2483 -0.1023
v 0.1166 0.2474 -0.0989
v 0.1116 0.3305 -0.0980
v 0.1061 0.3296 -0.0940
v 0.1000 0.4126 -0.0963
v 0.0944 0.4117 -0.0921
v 0.0870 0.4941 -0.0962
v 0.0819 0.4937 -0.0922
v 0.0977 0.5743 -0.0788
v 0.0938 0.5742 -0.0756
v 0.1048 0.6550 -0.0602
v 0.1044 0.6550 -0.0599
v 0.1157 0.0842 -0.0926
v 0.1052 0.0018 -0.0877
v 0.1247 0.1648 -0.1025
v 0.1154 0.2468 -0.0931
v 0.1048 0.3291 -0.0874
v 0.0932 0.4115 -0.0852
v 0.0808 0.4930 -0.0858
v 0.0930 0.5733 -0.0707
v 0.1043 0.6549 -0.0594
vt 0.5 0.9994
vt 0.5 0.8899
vt 0.5 0.9989
vt 0.5 0.8881
vt 0.5 0.7895
vt 0.5 0.7859
vt 0.5 0.6894
vt 0.5 0.6861
vt 0.5 0.6042
vt 0.5 0.6038
vt 0.5 0.8866
vt 0.5 0.9984
vt 0.5 0.7822
vt 0.5 0.6823
vt 0.5 0.6034
vt 0.5 0.9977
vt 0.5 0.9302
vt 0.5 0.9979
vt 0.5 0.9303
vt 0.5 0.8636
vt 0.5 0.8626
vt 0.5 0.7975
vt 0.5 0.7958
vt 0.5 0.7315
vt 0.5 0.7302
vt 0.5 0.6661
vt 0.5 0.6639
vt 0.5 0.5977
vt 0.5 0.5975
vt 0.5 0.5311
vt 0.5 0.5306
vt 0.5 0.4637
vt 0.5 0.4636
vt 0.5 0.9298
vt 0.5 0.9981
vt 0.5 0.8623
vt 0.5 0.7947
vt 0.5 0.7291
vt 0.5 0.6618
vt 0.5 0.5964
vt 0.5 0.5307
vt 0.5 0.4636
vt 0.5 0.9983
vt 0.5 0.8931
vt 0.5 0.9981
vt 0.5 0.8929
vt 0.5 0.7948
vt 0.5 0.7935
vt 0.5 0.7047
vt 0.5 0.7019
vt 0.5 0.6243
vt 0.5 0.6241
vt 0.5 0.8913
vt 0.5 0.9973
vt 0.5 0.7901
vt 0.5 0.6975
vt 0.5 0.6236
vt 0.5 0.9985
vt 0.5 0.8844
vt 0.5 0.9976
vt 0.5 0.8837
vt 0.5 0.7715
vt 0.5 0.7705
vt 0.5 0.6592
vt 0.5 0.6578
vt 0.5 0.5483
vt 0.5 0.5462
vt 0.5 0.4383
vt 0.5 0.4362
vt 0.5 0.3301
vt 0.5 0.3277
vt 0.5 0.2243
vt 0.5 0.2220
vt 0.5 0.1133
vt 0.5 0.1131
vt 0.5 0.8834
vt 0.5 0.9969
vt 0.5 0.7700
vt 0.5 0.6568
vt 0.5 0.5446
vt 0.5 0.4353
vt 0.5 0.3266
vt 0.5 0.2211
vt 0.5 0.1130
vt 0.5 0.9968
vt 0.5 0.9327
vt 0.5 0.9981
vt 0.5 0.9341
vt 0.5 0.8700
vt 0.5 0.8726
vt 0.5 0.8123
vt 0.5 0.8153
vt 0.5 0.7552
vt 0.5 0.7587
vt 0.5 0.6993
vt 0.5 0.7030
vt 0.5 0.6448
vt 0.5 0.6483
vt 0.5 0.5919
vt 0.5 0.5947
vt 0.5 0.5420
vt 0.5 0.5423
vt 0.5 0.9352
vt 0.5 0.9989
vt 0.5 0.8749
vt 0.5 0.8181
vt 0.5 0.7621
vt 0.5 0.7068
vt 0.5 0.6520
vt 0.5 0.5977
vt 0.5 0.5427
vt 0.5 0.9982
vt 0.5 0.8988
vt 0.5 0.9987
vt 0.5 0.8999
vt 0.5 0.7997
vt 0.5 0.8013
vt 0.5 0.7017
vt 0.5 0.7040
vt 0.5 0.6102
vt 0.5 0.6105
vt 0.5 0.9005
vt 0.5 0.9989
vt 0.5 0.8024
vt 0.5 0.7065
vt 0.5 0.6107
vt 0.5 0.9970
vt 0.5 0.8769
vt 0.5 0.9975
vt 0.5 0.8780
vt 0.5 0.7552
vt 0.5 0.7550
vt 0.5 0.6345
vt 0.5 0.6371
vt 0.5 0.5195
vt 0.5 0.5197
vt 0.5 0.8774
vt 0.5 0.9977
vt 0.5 0.7551
vt 0.5 0.6393
vt 0.5 0.5198
vt 0.5 0.9986
vt 0.5 0.8931
vt 0.5 0.9981
vt 0.5 0.8926
vt 0.5 0.7871
vt 0.5 0.7866
vt 0.5 0.6810
vt 0.5 0.6805
vt 0.5 0.5755
vt 0.5 0.5749
vt 0.5 0.4712
vt 0.5 0.4705
vt 0.5 0.3681
vt 0.5 0.3682
vt 0.5 0.2688
vt 0.5 0.2686
vt 0.5 0.1735
vt 0.5 0.1734
vt 0.5 0.8924
vt 0.5 0.9979
vt 0.5 0.7862
vt 0.5 0.6798
vt 0.5 0.5738
vt 0.5 0.4689
vt 0.5 0.3667
vt 0.5 0.2670
vt 0.5 0.1732
vt 0.5 0.9983
vt 0.5 0.9307
vt 0.5 0.9986
vt 0.5 0.9314
vt 0.5 0.8632
vt 0.5 0.8648
vt 0.5 0.7975
vt 0.5 0.7995
vt 0.5 0.7326
vt 0.5 0.7342
vt 0.5 0.6663
vt 0.5 0.6682
vt 0.5 0.6003
vt 0.5 0.6022
vt 0.5 0.5349
vt 0.5 0.5364
vt 0.5 0.4708
vt 0.5 0.4709
vt 0.5 0.9319
vt 0.5 0.9991
vt 0.5 0.8659
vt 0.5 0.8007
vt 0.5 0.7359
vt 0.5 0.6698
vt 0.5 0.6036
vt 0.5 0.5374
vt 0.5 0.4710
vt 0.5 0.9993
vt 0.5 0.9158
vt 0.5 0.9984
vt 0.5 0.9148
vt 0.5 0.8305
vt 0.5 0.8298
vt 0.5 0.7424
vt 0.5 0.7437
vt 0.5 0.6567
vt 0.5 0.6591
vt 0.5 0.5744
vt 0.5 0.5780
vt 0.5 0.4980
vt 0.5 0.5022
vt 0.5 0.4321
vt 0.5 0.4366
vt 0.5 0.3884
vt 0.5 0.3889
vt 0.5 0.9133
vt 0.5 0.9971
vt 0.5 0.8285
vt 0.5 0.7452
vt 0.5 0.6614
vt 0.5 0.5809
vt 0.5 0.5053
vt 0.5 0.4396
vt 0.5 0.3892
vt 0.5 0.9995
vt 0.5 0.9144
vt 0.5 0.9982
vt 0.5 0.9140
vt 0.5 0.8167
vt 0.5 0.8159
vt 0.5 0.7215
vt 0.5 0.7196
vt 0.5 0.6315
vt 0.5 0.6283
vt 0.5 0.5461
vt 0.5 0.5441
vt 0.5 0.4694
vt 0.5 0.4662
vt 0.5 0.3941
vt 0.5 0.3910
vt 0.5 0.3283
vt 0.5 0.3279
vt 0.5 0.9139
vt 0.5 0.9973
vt 0.5 0.8145
vt 0.5 0.7177
vt 0.5 0.6248
vt 0.5 0.5403
vt 0.5 0.4609
vt 0.5 0.3871
vt 0.5 0.3274
vt 0.5 0.9988
vt 0.5 0.9369
vt 0.5 0.9981
vt 0.5 0.9359
vt 0.5 0.8733
vt 0.5 0.8732
vt 0.5 0.8099
vt 0.5 0.8098
vt 0.5 0.7461
vt 0.5 0.7461
vt 0.5 0.6820
vt 0.5 0.6821
vt 0.5 0.6175
vt 0.5 0.6177
vt 0.5 0.5530
vt 0.5 0.5533
vt 0.5 0.4902
vt 0.5 0.4908
vt 0.5 0.4280
vt 0.5 0.4288
vt 0.5 0.3656
vt 0.5 0.3664
vt 0.5 0.3029
vt 0.5 0.3037
vt 0.5 0.2413
vt 0.5 0.2428
vt 0.5 0.1808
vt 0.5 0.1831
vt 0.5 0.1207
vt 0.5 0.1227
vt 0.5 0.0604
vt 0.5 0.0617
vt 0.5 0.0000
vt 0.5 0.0002
vt 0.5 0.9360
vt 0.5 0.9985
vt 0.5 0.8742
vt 0.5 0.8109
vt 0.5 0.7473
vt 0.5 0.6832
vt 0.5 0.6189
vt 0.5 0.5547
vt 0.5 0.4931
vt 0.5 0.4311
vt 0.5 0.3687
vt 0.5 0.3059
vt 0.5 0.2458
vt 0.5 0.1858
vt 0.5 0.1248
vt 0.5 0.0631
vt 0.5 0.0004
vt 0.5 0.9982
vt 0.5 0.9215
vt 0.5 0.9983
vt 0.5 0.9211
vt 0.5 0.8450
vt 0.5 0.8443
vt 0.5 0.7696
vt 0.5 0.7685
vt 0.5 0.6955
vt 0.5 0.6941
vt 0.5 0.6195
vt 0.5 0.6200
vt 0.5 0.5447
vt 0.5 0.5445
vt 0.5 0.4670
vt 0.5 0.4672
vt 0.5 0.3903
vt 0.5 0.3903
vt 0.5 0.9206
vt 0.5 0.9980
vt 0.5 0.8434
vt 0.5 0.7670
vt 0.5 0.6919
vt 0.5 0.6191
vt 0.5 0.5443
vt 0.5 0.4672
vt 0.5 0.3902
vt 0.5 0.9982
vt 0.5 0.9076
vt 0.5 0.9981
vt 0.5 0.9074
vt 0.5 0.8180
vt 0.5 0.8175
vt 0.5 0.7312
vt 0.5 0.7303
vt 0.5 0.6426
vt 0.5 0.6427
vt 0.5 0.5530
vt 0.5 0.5525
vt 0.5 0.4664
vt 0.5 0.4653
vt 0.5 0.3852
vt 0.5 0.3839
vt 0.5 0.3113
vt 0.5 0.3111
vt 0.5 0.9071
vt 0.5 0.9981
vt 0.5 0.8164
vt 0.5 0.7281
vt 0.5 0.6426
vt 0.5 0.5512
vt 0.5 0.4629
vt 0.5 0.3811
vt 0.5 0.3108
vt 0.5 0.9981
vt 0.5 0.9155
vt 0.5 0.9981
vt 0.5 0.9159
vt 0.5 0.8339
vt 0.5 0.8341
vt 0.5 0.7517
vt 0.5 0.7520
vt 0.5 0.6684
vt 0.5 0.6705
vt 0.5 0.5888
vt 0.5 0.5908
vt 0.5 0.5099
vt 0.5 0.5115
vt 0.5 0.4325
vt 0.5 0.4336
vt 0.5 0.3579
vt 0.5 0.3579
vt 0.5 0.9165
vt 0.5 0.9982
vt 0.5 0.8351
vt 0.5 0.7528
vt 0.5 0.6721
vt 0.5 0.5918
vt 0.5 0.5117
vt 0.5 0.4330
vt 0.5 0.3578
vt 0.5 0.9996
vt 0.5 0.9389
vt 0.5 0.9984
vt 0.5 0.9372
vt 0.5 0.8798
vt 0.5 0.8774
vt 0.5 0.8229
vt 0.5 0.8196
vt 0.5 0.7718
vt 0.5 0.7672
vt 0.5 0.7249
vt 0.5 0.7197
vt 0.5 0.6785
vt 0.5 0.6747
vt 0.5 0.6375
vt 0.5 0.6345
vt 0.5 0.6007
vt 0.5 0.6004
vt 0.5 0.9353
vt 0.5 0.9973
vt 0.5 0.8751
vt 0.5 0.8168
vt 0.5 0.7649
vt 0.5 0.7175
vt 0.5 0.6747
vt 0.5 0.6347
vt 0.5 0.6005
vt 0.5 0.9971
vt 0.5 0.8991
vt 0.5 0.9981
vt 0.5 0.9010
vt 0.5 0.8014
vt 0.5 0.8034
vt 0.5 0.7024
vt 0.5 0.7042
vt 0.5 0.6036
vt 0.5 0.6037
vt 0.5 0.9026
vt 0.5 0.9994
vt 0.5 0.8058
vt 0.5 0.7058
vt 0.5 0.6038
vt 0.5 0.9983
vt 0.5 0.9315
vt 0.5 0.9984
vt 0.5 0.9312
vt 0.5 0.8660
vt 0.5 0.8647
vt 0.5 0.8021
vt 0.5 0.8000
vt 0.5 0.7370
vt 0.5 0.7348
vt 0.5 0.6748
vt 0.5 0.6718
vt 0.5 0.6159
vt 0.5 0.6124
vt 0.5 0.5613
vt 0.5 0.5582
vt 0.5 0.5108
vt 0.5 0.5105
vt 0.5 0.9308
vt 0.5 0.9986
vt 0.5 0.8639
vt 0.5 0.7983
vt 0.5 0.7331
vt 0.5 0.6690
vt 0.5 0.6089
vt 0.5 0.5548
vt 0.5 0.5100
vt 0.5 0.9990
vt 0.5 0.8976
vt 0.5 0.9983
vt 0.5 0.8972
vt 0.5 0.7977
vt 0.5 0.7975
vt 0.5 0.7004
vt 0.5 0.7008
vt 0.5 0.6057
vt 0.5 0.6058
vt 0.5 0.8970
vt 0.5 0.9979
vt 0.5 0.7987
vt 0.5 0.7027
vt 0.5 0.6060
vt 0.5 0.9979
vt 0.5 0.9327
vt 0.5 0.9981
vt 0.5 0.9325
vt 0.5 0.8681
vt 0.5 0.8675
vt 0.5 0.8038
vt 0.5 0.8034
vt 0.5 0.7413
vt 0.5 0.7402
vt 0.5 0.6814
vt 0.5 0.6795
vt 0.5 0.6235
vt 0.5 0.6207
vt 0.5 0.5657
vt 0.5 0.5633
vt 0.5 0.5106
vt 0.5 0.5103
vt 0.5 0.9320
vt 0.5 0.9983
vt 0.5 0.8664
vt 0.5 0.8021
vt 0.5 0.7378
vt 0.5 0.6762
vt 0.5 0.6176
vt 0.5 0.5605
vt 0.5 0.5100
vt 0.5 0.9979
vt 0.5 0.8921
vt 0.5 0.9986
vt 0.5 0.8928
vt 0.5 0.7854
vt 0.5 0.7867
vt 0.5 0.6795
vt 0.5 0.6810
vt 0.5 0.5738
vt 0.5 0.5755
vt 0.5 0.4687
vt 0.5 0.4705
vt 0.5 0.3638
vt 0.5 0.3664
vt 0.5 0.2646
vt 0.5 0.2667
vt 0.5 0.1669
vt 0.5 0.1671
vt 0.5 0.8929
vt 0.5 0.9990
vt 0.5 0.7876
vt 0.5 0.6818
vt 0.5 0.5763
vt 0.5 0.4712
vt 0.5 0.3690
vt 0.5 0.2685
vt 0.5 0.1673
vt 0.5 0.9972
vt 0.5 0.8927
vt 0.5 0.9979
vt 0.5 0.8938
vt 0.5 0.7880
vt 0.5 0.7895
vt 0.5 0.6795
vt 0.5 0.6808
vt 0.5 0.5725
vt 0.5 0.5761
vt 0.5 0.4744
vt 0.5 0.4785
vt 0.5 0.3808
vt 0.5 0.3850
vt 0.5 0.2930
vt 0.5 0.2965
vt 0.5 0.2137
vt 0.5 0.2141
vt 0.5 0.8937
vt 0.5 0.9978
vt 0.5 0.7896
vt 0.5 0.6820
vt 0.5 0.5798
vt 0.5 0.4829
vt 0.5 0.3896
vt 0.5 0.3004
vt 0.5 0.2146
vt 0.5 0.9996
vt 0.5 0.9044
vt 0.5 0.9985
vt 0.5 0.9029
vt 0.5 0.8090
vt 0.5 0.8073
vt 0.5 0.7125
vt 0.5 0.7115
vt 0.5 0.6141
vt 0.5 0.6131
vt 0.5 0.5155
vt 0.5 0.5147
vt 0.5 0.4175
vt 0.5 0.4171
vt 0.5 0.3243
vt 0.5 0.3242
vt 0.5 0.2315
vt 0.5 0.2315
vt 0.5 0.9024
vt 0.5 0.9982
vt 0.5 0.8068
vt 0.5 0.7118
vt 0.5 0.6135
vt 0.5 0.5152
vt 0.5 0.4187
vt 0.5 0.3257
vt 0.5 0.2317
vt 0.5 0.9976
vt 0.5 0.8938
vt 0.5 0.9978
vt 0.5 0.8947
vt 0.5 0.7914
vt 0.5 0.7924
vt 0.5 0.6851
vt 0.5 0.6856
vt 0.5 0.5787
vt 0.5 0.5792
vt 0.5 0.4732
vt 0.5 0.4737
vt 0.5 0.3689
vt 0.5 0.3693
vt 0.5 0.2661
vt 0.5 0.2663
vt 0.5 0.1635
vt 0.5 0.1637
vt 0.5 0.8944
vt 0.5 0.9974
vt 0.5 0.7919
vt 0.5 0.6852
vt 0.5 0.5785
vt 0.5 0.4727
vt 0.5 0.3682
vt 0.5 0.2653
vt 0.5 0.1637
vt 0.5 0.9977
vt 0.5 0.9039
vt 0.5 0.9985
vt 0.5 0.9049
vt 0.5 0.8107
vt 0.5 0.8119
vt 0.5 0.7184
vt 0.5 0.7198
vt 0.5 0.6272
vt 0.5 0.6287
vt 0.5 0.5375
vt 0.5 0.5391
vt 0.5 0.4487
vt 0.5 0.4514
vt 0.5 0.3575
vt 0.5 0.3588
vt 0.5 0.2655
vt 0.5 0.2657
vt 0.5 0.9050
vt 0.5 0.9985
vt 0.5 0.8118
vt 0.5 0.7195
vt 0.5 0.6282
vt 0.5 0.5384
vt 0.5 0.4519
vt 0.5 0.3593
vt 0.5 0.2657
vt 0.5 0.9975
vt 0.5 0.9245
vt 0.5 0.9977
vt 0.5 0.9249
vt 0.5 0.8515
vt 0.5 0.8521
vt 0.5 0.7785
vt 0.5 0.7794
vt 0.5 0.7056
vt 0.5 0.7068
vt 0.5 0.6330
vt 0.5 0.6343
vt 0.5 0.5607
vt 0.5 0.5621
vt 0.5 0.4889
vt 0.5 0.4901
vt 0.5 0.4185
vt 0.5 0.4186
vt 0.5 0.9255
vt 0.5 0.9981
vt 0.5 0.8528
vt 0.5 0.7802
vt 0.5 0.7077
vt 0.5 0.6353
vt 0.5 0.5630
vt 0.5 0.4908
vt 0.5 0.4188
vt 0.5 0.9982
vt 0.5 0.9301
vt 0.5 0.9979
vt 0.5 0.9295
vt 0.5 0.8655
vt 0.5 0.8642
vt 0.5 0.8062
vt 0.5 0.8040
vt 0.5 0.7541
vt 0.5 0.7506
vt 0.5 0.7060
vt 0.5 0.7012
vt 0.5 0.6512
vt 0.5 0.6481
vt 0.5 0.5997
vt 0.5 0.5965
vt 0.5 0.5556
vt 0.5 0.5552
vt 0.5 0.9281
vt 0.5 0.9973
vt 0.5 0.8618
vt 0.5 0.8002
vt 0.5 0.7453
vt 0.5 0.6956
vt 0.5 0.6436
vt 0.5 0.5922
vt 0.5 0.5547
vt 0.5 0.9971
vt 0.5 0.9200
vt 0.5 0.9979
vt 0.5 0.9213
vt 0.5 0.8427
vt 0.5 0.8442
vt 0.5 0.7650
vt 0.5 0.7666
vt 0.5 0.6870
vt 0.5 0.6887
vt 0.5 0.6088
vt 0.5 0.6104
vt 0.5 0.5311
vt 0.5 0.5319
vt 0.5 0.4529
vt 0.5 0.4534
vt 0.5 0.3750
vt 0.5 0.3751
vt 0.5 0.9220
vt 0.5 0.9980
vt 0.5 0.8450
vt 0.5 0.7676
vt 0.5 0.6899
vt 0.5 0.6117
vt 0.5 0.5332
vt 0.5 0.4543
vt 0.5 0.3752
vt 0.5 0.9986
vt 0.5 0.9182
vt 0.5 0.9989
vt 0.5 0.9190
vt 0.5 0.8383
vt 0.5 0.8390
vt 0.5 0.7579
vt 0.5 0.7586
vt 0.5 0.6772
vt 0.5 0.6779
vt 0.5 0.5962
vt 0.5 0.5969
vt 0.5 0.5151
vt 0.5 0.5157
vt 0.5 0.4340
vt 0.5 0.4344
vt 0.5 0.3530
vt 0.5 0.3531
vt 0.5 0.9201
vt 0.5 0.9993
vt 0.5 0.8401
vt 0.5 0.7596
vt 0.5 0.6788
vt 0.5 0.5977
vt 0.5 0.5162
vt 0.5 0.4347
vt 0.5 0.3531
vt 0.5 0.9981
vt 0.5 0.8802
vt 0.5 0.9978
vt 0.5 0.8803
vt 0.5 0.7624
vt 0.5 0.7622
vt 0.5 0.6446
vt 0.5 0.6442
vt 0.5 0.5275
vt 0.5 0.5267
vt 0.5 0.4110
vt 0.5 0.4099
vt 0.5 0.2927
vt 0.5 0.2936
vt 0.5 0.1759
vt 0.5 0.1762
vt 0.5 0.0588
vt 0.5 0.0589
vt 0.5 0.8803
vt 0.5 0.9978
vt 0.5 0.7622
vt 0.5 0.6437
vt 0.5 0.5267
vt 0.5 0.4096
vt 0.5 0.2941
vt 0.5 0.1762
vt 0.5 0.0590
vt 0.5 0.9990
vt 0.5 0.9008
vt 0.5 0.9978
vt 0.5 0.8990
vt 0.5 0.8048
vt 0.5 0.8034
vt 0.5 0.7135
vt 0.5 0.7115
vt 0.5 0.6278
vt 0.5 0.6252
vt 0.5 0.5568
vt 0.5 0.5540
vt 0.5 0.4923
vt 0.5 0.4898
vt 0.5 0.4356
vt 0.5 0.4338
vt 0.5 0.3812
vt 0.5 0.3812
vt 0.5 0.8982
vt 0.5 0.9973
vt 0.5 0.8037
vt 0.5 0.7119
vt 0.5 0.6265
vt 0.5 0.5556
vt 0.5 0.4915
vt 0.5 0.4355
vt 0.5 0.3814
vt 0.5 0.9978
vt 0.5 0.9033
vt 0.5 0.9981
vt 0.5 0.9039
vt 0.5 0.8115
vt 0.5 0.8120
vt 0.5 0.7160
vt 0.5 0.7162
vt 0.5 0.6178
vt 0.5 0.6190
vt 0.5 0.5190
vt 0.5 0.5201
vt 0.5 0.4186
vt 0.5 0.4190
vt 0.5 0.3200
vt 0.5 0.3197
vt 0.5 0.2190
vt 0.5 0.2189
vt 0.5 0.9060
vt 0.5 0.9994
vt 0.5 0.8139
vt 0.5 0.7179
vt 0.5 0.6213
vt 0.5 0.5221
vt 0.5 0.4200
vt 0.5 0.3203
vt 0.5 0.2189
vt 0.5 0.9977
vt 0.5 0.9140
vt 0.5 0.9977
vt 0.5 0.9130
vt 0.5 0.8214
vt 0.5 0.8195
vt 0.5 0.7272
vt 0.5 0.7276
vt 0.5 0.6355
vt 0.5 0.6344
vt 0.5 0.5420
vt 0.5 0.5411
vt 0.5 0.4464
vt 0.5 0.4447
vt 0.5 0.3539
vt 0.5 0.3520
vt 0.5 0.2606
vt 0.5 0.2605
vt 0.5 0.9116
vt 0.5 0.9968
vt 0.5 0.8169
vt 0.5 0.7265
vt 0.5 0.6318
vt 0.5 0.5414
vt 0.5 0.4445
vt 0.5 0.3518
vt 0.5 0.2605
vt 0.5 0.9963
vt 0.5 0.8838
vt 0.5 0.9977
vt 0.5 0.8850
vt 0.5 0.7728
vt 0.5 0.7723
vt 0.5 0.6677
vt 0.5 0.6667
vt 0.5 0.5753
vt 0.5 0.5752
vt 0.5 0.8862
vt 0.5 0.9988
vt 0.5 0.7724
vt 0.5 0.6684
vt 0.5 0.5754
vt 0.5 0.9973
vt 0.5 0.8930
vt 0.5 0.9977
vt 0.5 0.8939
vt 0.5 0.7914
vt 0.5 0.7928
vt 0.5 0.6950
vt 0.5 0.6980
vt 0.5 0.6034
vt 0.5 0.6075
vt 0.5 0.5176
vt 0.5 0.5226
vt 0.5 0.4389
vt 0.5 0.4448
vt 0.5 0.3799
vt 0.5 0.3850
vt 0.5 0.3347
vt 0.5 0.3353
vt 0.5 0.8952
vt 0.5 0.9985
vt 0.5 0.7948
vt 0.5 0.7014
vt 0.5 0.6120
vt 0.5 0.5278
vt 0.5 0.4507
vt 0.5 0.3897
vt 0.5 0.3358
vt 0.5 0.9984
vt 0.5 0.9269
vt 0.5 0.9983
vt 0.5 0.9268
vt 0.5 0.8564
vt 0.5 0.8561
vt 0.5 0.7850
vt 0.5 0.7843
vt 0.5 0.7132
vt 0.5 0.7122
vt 0.5 0.6415
vt 0.5 0.6400
vt 0.5 0.5703
vt 0.5 0.5685
vt 0.5 0.4967
vt 0.5 0.4962
vt 0.5 0.4231
vt 0.5 0.4230
vt 0.5 0.9277
vt 0.5 0.9987
vt 0.5 0.8568
vt 0.5 0.7848
vt 0.5 0.7122
vt 0.5 0.6396
vt 0.5 0.5677
vt 0.5 0.4960
vt 0.5 0.4229
vt 0.5 0.9982
vt 0.5 0.9091
vt 0.5 0.9981
vt 0.5 0.9097
vt 0.5 0.8213
vt 0.5 0.8219
vt 0.5 0.7339
vt 0.5 0.7350
vt 0.5 0.6474
vt 0.5 0.6492
vt 0.5 0.5626
vt 0.5 0.5651
vt 0.5 0.4810
vt 0.5 0.4836
vt 0.5 0.4029
vt 0.5 0.4054
vt 0.5 0.3310
vt 0.5 0.3313
vt 0.5 0.9102
vt 0.5 0.9981
vt 0.5 0.8230
vt 0.5 0.7365
vt 0.5 0.6513
vt 0.5 0.5676
vt 0.5 0.4866
vt 0.5 0.4080
vt 0.5 0.3316
vt 0.5 0.9969
vt 0.5 0.8897
vt 0.5 0.9981
vt 0.5 0.8915
vt 0.5 0.7849
vt 0.5 0.7869
vt 0.5 0.6870
vt 0.5 0.6894
vt 0.5 0.5893
vt 0.5 0.5930
vt 0.5 0.4966
vt 0.5 0.5003
vt 0.5 0.4140
vt 0.5 0.4190
vt 0.5 0.3541
vt 0.5 0.3582
vt 0.5 0.3021
vt 0.5 0.3025
vt 0.5 0.8924
vt 0.5 0.9987
vt 0.5 0.7872
vt 0.5 0.6890
vt 0.5 0.5941
vt 0.5 0.5009
vt 0.5 0.4207
vt 0.5 0.3593
vt 0.5 0.3026
vt 0.5 0.9983
vt 0.5 0.9102
vt 0.5 0.9986
vt 0.5 0.9106
vt 0.5 0.8280
vt 0.5 0.8285
vt 0.5 0.7483
vt 0.5 0.7502
vt 0.5 0.6745
vt 0.5 0.6772
vt 0.5 0.6057
vt 0.5 0.6096
vt 0.5 0.5431
vt 0.5 0.5474
vt 0.5 0.4874
vt 0.5 0.4913
vt 0.5 0.4418
vt 0.5 0.4422
vt 0.5 0.9117
vt 0.5 0.9997
vt 0.5 0.8306
vt 0.5 0.7539
vt 0.5 0.6819
vt 0.5 0.6152
vt 0.5 0.5531
vt 0.5 0.4960
vt 0.5 0.4428
vt 0.5 0.9983
vt 0.5 0.9181
vt 0.5 0.9987
vt 0.5 0.9189
vt 0.5 0.8379
vt 0.5 0.8386
vt 0.5 0.7576
vt 0.5 0.7581
vt 0.5 0.6772
vt 0.5 0.6775
vt 0.5 0.5974
vt 0.5 0.5967
vt 0.5 0.5170
vt 0.5 0.5161
vt 0.5 0.4367
vt 0.5 0.4358
vt 0.5 0.3561
vt 0.5 0.3560
vt 0.5 0.9193
vt 0.5 0.9988
vt 0.5 0.8389
vt 0.5 0.7582
vt 0.5 0.6772
vt 0.5 0.5965
vt 0.5 0.5156
vt 0.5 0.4351
vt 0.5 0.3559
vt 0.5 0.9992
vt 0.5 0.9096
vt 0.5 0.9981
vt 0.5 0.9079
vt 0.5 0.8180
vt 0.5 0.8150
vt 0.5 0.7311
vt 0.5 0.7276
vt 0.5 0.6490
vt 0.5 0.6486
vt 0.5 0.9068
vt 0.5 0.9974
vt 0.5 0.8125
vt 0.5 0.7242
vt 0.5 0.6483
vt 0.5 0.9987
vt 0.5 0.8859
vt 0.5 0.9986
vt 0.5 0.8865
vt 0.5 0.7751
vt 0.5 0.7746
vt 0.5 0.6649
vt 0.5 0.6633
vt 0.5 0.5579
vt 0.5 0.5554
vt 0.5 0.4572
vt 0.5 0.4550
vt 0.5 0.3512
vt 0.5 0.3485
vt 0.5 0.2504
vt 0.5 0.2484
vt 0.5 0.1462
vt 0.5 0.1460
vt 0.5 0.8870
vt 0.5 0.9984
vt 0.5 0.7745
vt 0.5 0.6622
vt 0.5 0.5527
vt 0.5 0.4535
vt 0.5 0.3457
vt 0.5 0.2467
vt 0.5 0.1457
vt 0.5 0.9991
vt 0.5 0.8756
vt 0.5 0.9988
vt 0.5 0.8752
vt 0.5 0.7744
vt 0.5 0.7770
vt 0.5 0.6753
vt 0.5 0.6784
vt 0.5 0.5937
vt 0.5 0.5940
vt 0.5 0.8763
vt 0.5 0.9994
vt 0.5 0.7814
vt 0.5 0.6826
vt 0.5 0.5945
vt 0.5 0.9986
vt 0.5 0.9300
vt 0.5 0.9982
vt 0.5 0.9306
vt 0.5 0.8609
vt 0.5 0.8614
vt 0.5 0.7947
vt 0.5 0.7942
vt 0.5 0.7287
vt 0.5 0.7277
vt 0.5 0.6607
vt 0.5 0.6593
vt 0.5 0.5918
vt 0.5 0.5902
vt 0.5 0.5200
vt 0.5 0.5215
vt 0.5 0.4524
vt 0.5 0.4525
vt 0.5 0.9319
vt 0.5 0.9985
vt 0.5 0.8622
vt 0.5 0.7954
vt 0.5 0.7284
vt 0.5 0.6591
vt 0.5 0.5891
vt 0.5 0.5227
vt 0.5 0.4527
vt 0.5 0.9987
vt 0.5 0.8870
vt 0.5 0.9987
vt 0.5 0.8869
vt 0.5 0.7760
vt 0.5 0.7766
vt 0.5 0.6695
vt 0.5 0.6694
vt 0.5 0.5603
vt 0.5 0.5589
vt 0.5 0.4549
vt 0.5 0.4524
vt 0.5 0.3558
vt 0.5 0.3526
vt 0.5 0.2480
vt 0.5 0.2464
vt 0.5 0.1504
vt 0.5 0.1501
vt 0.5 0.8864
vt 0.5 0.9989
vt 0.5 0.7763
vt 0.5 0.6678
vt 0.5 0.5575
vt 0.5 0.4495
vt 0.5 0.3499
vt 0.5 0.2442
vt 0.5 0.1498
vt 0.5 0.9985
vt 0.5 0.9040
vt 0.5 0.9983
vt 0.5 0.9038
vt 0.5 0.8108
vt 0.5 0.8108
vt 0.5 0.7186
vt 0.5 0.7209
vt 0.5 0.6345
vt 0.5 0.6375
vt 0.5 0.5507
vt 0.5 0.5550
vt 0.5 0.4726
vt 0.5 0.4772
vt 0.5 0.4024
vt 0.5 0.4061
vt 0.5 0.3351
vt 0.5 0.3356
vt 0.5 0.9031
vt 0.5 0.9977
vt 0.5 0.8097
vt 0.5 0.7214
vt 0.5 0.6378
vt 0.5 0.5576
vt 0.5 0.4794
vt 0.5 0.4079
vt 0.5 0.3358
vt 0.5 0.9981
vt 0.5 0.9414
vt 0.5 0.9986
vt 0.5 0.9434
vt 0.5 0.8832
vt 0.5 0.8856
vt 0.5 0.8239
vt 0.5 0.8264
vt 0.5 0.7649
vt 0.5 0.7676
vt 0.5 0.7039
vt 0.5 0.7067
vt 0.5 0.6416
vt 0.5 0.6439
vt 0.5 0.5788
vt 0.5 0.5804
vt 0.5 0.5184
vt 0.5 0.5185
vt 0.5 0.9463
vt 0.5 1.0000
vt 0.5 0.8886
vt 0.5 0.8300
vt 0.5 0.7713
vt 0.5 0.7098
vt 0.5 0.6462
vt 0.5 0.5820
vt 0.5 0.5188
vt 0.5 0.9975
vt 0.5 0.8931
vt 0.5 0.9976
vt 0.5 0.8940
vt 0.5 0.7892
vt 0.5 0.7898
vt 0.5 0.6938
vt 0.5 0.6928
vt 0.5 0.5962
vt 0.5 0.5946
vt 0.5 0.4951
vt 0.5 0.4946
vt 0.5 0.3941
vt 0.5 0.3933
vt 0.5 0.2910
vt 0.5 0.2902
vt 0.5 0.1863
vt 0.5 0.1862
vt 0.5 0.8952
vt 0.5 0.9983
vt 0.5 0.7906
vt 0.5 0.6937
vt 0.5 0.5948
vt 0.5 0.4959
vt 0.5 0.3938
vt 0.5 0.2901
vt 0.5 0.1861
vt 0.5 0.9992
vt 0.5 0.9368
vt 0.5 0.9984
vt 0.5 0.9360
vt 0.5 0.8745
vt 0.5 0.8736
vt 0.5 0.8121
vt 0.5 0.8112
vt 0.5 0.7499
vt 0.5 0.7488
vt 0.5 0.6877
vt 0.5 0.6865
vt 0.5 0.6257
vt 0.5 0.6244
vt 0.5 0.5634
vt 0.5 0.5634
vt 0.5 0.5019
vt 0.5 0.5019
vt 0.5 0.4402
vt 0.5 0.4404
vt 0.5 0.3786
vt 0.5 0.3788
vt 0.5 0.3169
vt 0.5 0.3172
vt 0.5 0.2553
vt 0.5 0.2557
vt 0.5 0.1937
vt 0.5 0.1942
vt 0.5 0.1323
vt 0.5 0.1328
vt 0.5 0.0734
vt 0.5 0.0747
vt 0.5 0.0182
vt 0.5 0.0184
vt 0.5 0.9359
vt 0.5 0.9981
vt 0.5 0.8734
vt 0.5 0.8109
vt 0.5 0.7485
vt 0.5 0.6862
vt 0.5 0.6241
vt 0.5 0.5648
vt 0.5 0.5034
vt 0.5 0.4419
vt 0.5 0.3804
vt 0.5 0.3188
vt 0.5 0.2573
vt 0.5 0.1957
vt 0.5 0.1341
vt 0.5 0.0765
vt 0.5 0.0187
vt 0.5 0.9987
vt 0.5 0.9245
vt 0.5 0.9981
vt 0.5 0.9237
vt 0.5 0.8511
vt 0.5 0.8498
vt 0.5 0.7803
vt 0.5 0.7778
vt 0.5 0.7130
vt 0.5 0.7095
vt 0.5 0.6478
vt 0.5 0.6435
vt 0.5 0.5853
vt 0.5 0.5806
vt 0.5 0.5260
vt 0.5 0.5219
vt 0.5 0.4624
vt 0.5 0.4621
vt 0.5 0.9235
vt 0.5 0.9982
vt 0.5 0.8491
vt 0.5 0.7769
vt 0.5 0.7078
vt 0.5 0.6410
vt 0.5 0.5777
vt 0.5 0.5192
vt 0.5 0.4618
vt 0.5 0.9980
vt 0.5 0.8843
vt 0.5 0.9984
vt 0.5 0.8853
vt 0.5 0.7711
vt 0.5 0.7717
vt 0.5 0.6564
vt 0.5 0.6571
vt 0.5 0.5417
vt 0.5 0.5423
vt 0.5 0.4277
vt 0.5 0.4279
vt 0.5 0.3130
vt 0.5 0.3148
vt 0.5 0.2018
vt 0.5 0.2031
vt 0.5 0.0908
vt 0.5 0.0911
vt 0.5 0.8859
vt 0.5 0.9986
vt 0.5 0.7724
vt 0.5 0.6576
vt 0.5 0.5425
vt 0.5 0.4287
vt 0.5 0.3170
vt 0.5 0.2045
vt 0.5 0.0913
vt 0.5 0.9986
vt 0.5 0.8872
vt 0.5 0.9980
vt 0.5 0.8869
vt 0.5 0.7806
vt 0.5 0.7791
vt 0.5 0.6747
vt 0.5 0.6727
vt 0.5 0.5632
vt 0.5 0.5633
vt 0.5 0.8864
vt 0.5 0.9976
vt 0.5 0.7792
vt 0.5 0.6721
vt 0.5 0.5633
vt 0.5 0.9982
vt 0.5 0.8752
vt 0.5 0.9981
vt 0.5 0.8756
vt 0.5 0.7534
vt 0.5 0.7533
vt 0.5 0.6347
vt 0.5 0.6343
vt 0.5 0.5176
vt 0.5 0.5169
vt 0.5 0.4027
vt 0.5 0.4018
vt 0.5 0.2908
vt 0.5 0.2897
vt 0.5 0.1826
vt 0.5 0.1815
vt 0.5 0.0788
vt 0.5 0.0788
vt 0.5 0.8762
vt 0.5 0.9979
vt 0.5 0.7541
vt 0.5 0.6353
vt 0.5 0.5181
vt 0.5 0.4030
vt 0.5 0.2909
vt 0.5 0.1825
vt 0.5 0.0790
vt 0.5 0.9990
vt 0.5 0.9139
vt 0.5 0.9988
vt 0.5 0.9147
vt 0.5 0.8306
vt 0.5 0.8310
vt 0.5 0.7471
vt 0.5 0.7468
vt 0.5 0.6617
vt 0.5 0.6609
vt 0.5 0.5767
vt 0.5 0.5755
vt 0.5 0.4922
vt 0.5 0.4919
vt 0.5 0.4120
vt 0.5 0.4129
vt 0.5 0.3311
vt 0.5 0.3311
vt 0.5 0.9147
vt 0.5 0.9985
vt 0.5 0.8303
vt 0.5 0.7456
vt 0.5 0.6601
vt 0.5 0.5751
vt 0.5 0.4938
vt 0.5 0.4147
vt 0.5 0.3313
vt 0.5 0.9981
vt 0.5 0.9337
vt 0.5 0.9984
vt 0.5 0.9340
vt 0.5 0.8692
vt 0.5 0.8696
vt 0.5 0.8060
vt 0.5 0.8073
vt 0.5 0.7441
vt 0.5 0.7458
vt 0.5 0.6829
vt 0.5 0.6849
vt 0.5 0.6226
vt 0.5 0.6247
vt 0.5 0.5639
vt 0.5 0.5657
vt 0.5 0.5078
vt 0.5 0.5080
vt 0.5 0.9343
vt 0.5 0.9988
vt 0.5 0.8701
vt 0.5 0.8092
vt 0.5 0.7481
vt 0.5 0.6875
vt 0.5 0.6274
vt 0.5 0.5680
vt 0.5 0.5083
vt 0.5 0.9984
vt 0.5 0.9068
vt 0.5 0.9982
vt 0.5 0.9060
vt 0.5 0.8133
vt 0.5 0.8140
vt 0.5 0.7208
vt 0.5 0.7218
vt 0.5 0.6284
vt 0.5 0.6294
vt 0.5 0.5360
vt 0.5 0.5370
vt 0.5 0.4443
vt 0.5 0.4447
vt 0.5 0.3542
vt 0.5 0.3543
vt 0.5 0.2634
vt 0.5 0.2634
vt 0.5 0.9053
vt 0.5 0.9980
vt 0.5 0.8147
vt 0.5 0.7225
vt 0.5 0.6299
vt 0.5 0.5373
vt 0.5 0.4456
vt 0.5 0.3553
vt 0.5 0.2635
f 994/994 995/995 997/997 996/996
f 995/995 998/998 999/999 997/997
f 998/998 1000/1000 1001/1001 999/999
f 1000/1000 1002/1002 1003/1003 1001/1001
f 1002/1002 1004/1004 1005/1005 1003/1003
f 1004/1004 1006/1006 1007/1007 1005/1005
f 1006/1006 1008/1008 1009/1009 1007/1007
f 1008/1008 1010/1010 1011/1011 1009/1009
f 997/997 1012/1012 1013/1013 996/996
f 999/999 1014/1014 1012/1012 997/997
f 1001/1001 1015/1015 1014/1014 999/999
f 1003/1003 1016/1016 1015/1015 1001/1001
f 1005/1005 1017/1017 1016/1016 1003/1003
f 1007/1007 1018/1018 1017/1017 1005/1005
f 1009/1009 1019/1019 1018/1018 1007/1007
f 1011/1011 1020/1020 1019/1019 1009/1009
f 493/493 494/494 496/496 495/495
f 494/494 497/497 498/498 496/496
f 497/497 499/499 500/500 498/498
f 499/499 501/501 502/502 500/500
f 501/501 503/503 504/504 502/502
f 503/503 505/505 506/506 504/504
f 505/505 507/507 508/508 506/506
f 507/507 509/509 510/510 508/508
f 496/496 511/511 512/512 495/495
f 498/498 513/513 511/511 496/496
f 500/500 514/514 513/513 498/498
f 502/502 515/515 514/514 500/500
f 504/504 516/516 515/515 502/502
f 506/506 517/517 516/516 504/504
f 508/508 518/518 517/517 506/506
f 510/510 519/519 518/518 508/508
f 1186/1186 1187/1187 1189/1189 1188/1188
f 1187/1187 1190/1190 1191/1191 1189/1189
f 1190/1190 1192/1192 1193/1193 1191/1191
f 1192/1192 1194/1194 1195/1195 1193/1193
f 1194/1194 1196/1196 1197/1197 1195/1195
f 1196/1196 1198/1198 1199/1199 1197/1197
f 1198/1198 1200/1200 1201/1201 1199/1199
f 1200/1200 1202/1202 1203/1203 1201/1201
f 1189/1189 1204/1204 1205/1205 1188/1188
f 1191/1191 1206/1206 1204/1204 1189/1189
f 1193/1193 1207/1207 1206/1206 1191/1191
f 1195/1195 1208/1208 1207/1207 1193/1193
f 1197/1197 1209/1209 1208/1208 1195/1195
f 1199/1199 1210/1210 1209/1209 1197/1197
f 1201/1201 1211/1211 1210/1210 1199/1199
f 1203/1203 1212/1212 1211/1211 1201/1201
f 628/628 629/629 631/631 630/630
f 629/629 632/632 633/633 631/631
f 632/632 634/634 635/635 633/633
f 634/634 636/636 637/637 635/635
f 636/636 638/638 639/639 637/637
f 638/638 640/640 641/641 639/639
f 640/640 642/642 643/643 641/641
f 642/642 644/644 645/645 643/643
f 631/631 646/646 647/647 630/630
f 633/633 648/648 646/646 631/631
f 635/635 649/649 648/648 633/633
f 637/637 650/650 649/649 635/635
f 639/639 651/651 650/650 637/637
f 641/641 652/652 651/651 639/639
f 643/643 653/653 652/652 641/641
f 645/645 654/654 653/653 643/643
f 1387/1387 1388/1388 1390/1390 1389/1389
f 1388/1388 1391/1391 1392/1392 1390/1390
f 1391/1391 1393/1393 1394/1394 1392/1392
f 1393/1393 1395/1395 1396/1396 1394/1394
f 1395/1395 1397/1397 1398/1398 1396/1396
f 1397/1397 1399/1399 1400/1400 1398/1398
f 1399/1399 1401/1401 1402/1402 1400/1400
f 1401/1401 1403/1403 1404/1404 1402/1402
f 1390/1390 1405/1405 1406/1406 1389/1389
f 1392/1392 1407/1407 1405/1405 1390/1390
f 1394/1394 1408/1408 1407/1407 1392/1392
f 1396/1396 1409/1409 1408/1408 1394/1394
f 1398/1398 1410/1410 1409/1409 1396/1396
f 1400/1400 1411/1411 1410/1410 1398/1398
f 1402/1402 1412/1412 1411/1411 1400/1400
f 1404/1404 1413/1413 1412/1412 1402/1402
f 1105/1105 1106/1106 1108/1108 1107/1107
f 1106/1106 1109/1109 1110/1110 1108/1108
f 1109/1109 1111/1111 1112/1112 1110/1110
f 1111/1111 1113/1113 1114/1114 1112/1112
f 1113/1113 1115/1115 1116/1116 1114/1114
f 1115/1115 1117/1117 1118/1118 1116/1116
f 1117/1117 1119/1119 1120/1120 1118/1118
f 1119/1119 1121/1121 1122/1122 1120/1120
f 1108/1108 1123/1123 1124/1124 1107/1107
f 1110/1110 1125/1125 1123/1123 1108/1108
f 1112/1112 1126/1126 1125/1125 1110/1110
f 1114/1114 1127/1127 1126/1126 1112/1112
f 1116/1116 1128/1128 1127/1127 1114/1114
f 1118/1118 1129/1129 1128/1128 1116/1116
f 1120/1120 1130/1130 1129/1129 1118/1118
f 1122/1122 1131/1131 1130/1130 1120/1120
f 1414/1414 1415/1415 1417/1417 1416/1416
f 1415/1415 1418/1418 1419/1419 1417/1417
f 1418/1418 1420/1420 1421/1421 1419/1419
f 1420/1420 1422/1422 1423/1423 1421/1421
f 1422/1422 1424/1424 1425/1425 1423/1423
f 1424/1424 1426/1426 1427/1427 1425/1425
f 1426/1426 1428/1428 1429/1429 1427/1427
f 1428/1428 1430/1430 1431/1431 1429/1429
f 1417/1417 1432/1432 1433/1433 1416/1416
f 1419/1419 1434/1434 1432/1432 1417/1417
f 1421/1421 1435/1435 1434/1434 1419/1419
f 1423/1423 1436/1436 1435/1435 1421/1421
f 1425/1425 1437/1437 1436/1436 1423/1423
f 1427/1427 1438/1438 1437/1437 1425/1425
f 1429/1429 1439/1439 1438/1438 1427/1427
f 1431/1431 1440/1440 1439/1439 1429/1429
f 1063/1063 1064/1064 1066/1066 1065/1065
f 1064/1064 1067/1067 1068/1068 1066/1066
f 1067/1067 1069/1069 1070/1070 1068/1068
f 1069/1069 1071/1071 1072/1072 1070/1070
f 1066/1066 1073/1073 1074/1074 1065/1065
f 1068/1068 1075/1075 1073/1073 1066/1066
f 1070/1070 1076/1076 1075/1075 1068/1068
f 1072/1072 1077/1077 1076/1076 1070/1070
f 859/859 860/860 862/862 861/861
f 860/860 863/863 864/864 862/862
f 863/863 865/865 866/866 864/864
f 865/865 867/867 868/868 866/866
f 867/867 869/869 870/870 868/868
f 869/869 871/871 872/872 870/870
f 871/871 873/873 874/874 872/872
f 873/873 875/875 876/876 874/874
f 862/862 877/877 878/878 861/861
f 864/864 879/879 877/877 862/862
f 866/866 880/880 879/879 864/864
f 868/868 881/881 880/880 866/866
f 870/870 882/882 881/881 868/868
f 872/872 883/883 882/882 870/870
f 874/874 884/884 883/883 872/872
f 876/876 885/885 884/884 874/874
f 85/85 86/86 88/88 87/87
f 86/86 89/89 90/90 88/88
f 89/89 91/91 92/92 90/90
f 91/91 93/93 94/94 92/92
f 93/93 95/95 96/96 94/94
f 95/95 97/97 98/98 96/96
f 97/97 99/99 100/100 98/98
f 99/99 101/101 102/102 100/100
f 88/88 103/103 104/104 87/87
f 90/90 105/105 103/103 88/88
f 92/92 106/106 105/105 90/90
f 94/94 107/107 106/106 92/92
f 96/96 108/108 107/107 94/94
f 98/98 109/109 108/108 96/96
f 100/100 110/110 109/109 98/98
f 102/102 111/111 110/110 100/100
f 817/817 818/818 820/820 819/819
f 818/818 821/821 822/822 820/820
f 821/821 823/823 824/824 822/822
f 823/823 825/825 826/826 824/824
f 825/825 827/827 828/828 826/826
f 827/827 829/829 830/830 828/828
f 829/829 831/831 832/832 830/830
f 831/831 833/833 834/834 832/832
f 820/820 835/835 836/836 819/819
f 822/822 837/837 835/835 820/820
f 824/824 838/838 837/837 822/822
f 826/826 839/839 838/838 824/824
f 828/828 840/840 839/839 826/826
f 830/830 841/841 840/840 828/828
f 832/832 842/842 841/841 830/830
f 834/834 843/843 842/842 832/832
f 1333/1333 1334/1334 1336/1336 1335/1335
f 1334/1334 1337/1337 1338/1338 1336/1336
f 1337/1337 1339/1339 1340/1340 1338/1338
f 1339/1339 1341/1341 1342/1342 1340/1340
f 1341/1341 1343/1343 1344/1344 1342/1342
f 1343/1343 1345/1345 1346/1346 1344/1344
f 1345/1345 1347/1347 1348/1348 1346/1346
f 1347/1347 1349/1349 1350/1350 1348/1348
f 1336/1336 1351/1351 1352/1352 1335/1335
f 1338/1338 1353/1353 1351/1351 1336/1336
f 1340/1340 1354/1354 1353/1353 1338/1338
f 1342/1342 1355/1355 1354/1354 1340/1340
f 1344/1344 1356/1356 1355/1355 1342/1342
f 1346/1346 1357/1357 1356/1356 1344/1344
f 1348/1348 1358/1358 1357/1357 1346/1346
f 1350/1350 1359/1359 1358/1358 1348/1348
f 466/466 467/467 469/469 468/468
f 467/467 470/470 471/471 469/469
f 470/470 472/472 473/473 471/471
f 472/472 474/474 475/475 473/473
f 474/474 476/476 477/477 475/475
f 476/476 478/478 479/479 477/477
f 478/478 480/480 481/481 479/479
f 480/480 482/482 483/483 481/481
f 469/469 484/484 485/485 468/468
f 471/471 486/486 484/484 469/469
f 473/473 487/487 486/486 471/471
f 475/475 488/488 487/487 473/473
f 477/477 489/489 488/488 475/475
f 479/479 490/490 489/489 477/477
f 481/481 491/491 490/490 479/479
f 483/483 492/492 491/491 481/481
f 1360/1360 1361/1361 1363/1363 1362/1362
f 1361/1361 1364/1364 1365/1365 1363/1363
f 1364/1364 1366/1366 1367/1367 1365/1365
f 1366/1366 1368/1368 1369/1369 1367/1367
f 1368/1368 1370/1370 1371/1371 1369/1369
f 1370/1370 1372/1372 1373/1373 1371/1371
f 1372/1372 1374/1374 1375/1375 1373/1373
f 1374/1374 1376/1376 1377/1377 1375/1375
f 1363/1363 1378/1378 1379/1379 1362/1362
f 1365/1365 1380/1380 1378/1378 1363/1363
f 1367/1367 1381/1381 1380/1380 1365/1365
f 1369/1369 1382/1382 1381/1381 1367/1367
f 1371/1371 1383/1383 1382/1382 1369/1369
f 1373/1373 1384/1384 1383/1383 1371/1371
f 1375/1375 1385/1385 1384/1384 1373/1373
f 1377/1377 1386/1386 1385/1385 1375/1375
f 112/112 113/113 115/115 114/114
f 113/113 116/116 117/117 115/115
f 116/116 118/118 119/119 117/117
f 118/118 120/120 121/121 119/119
f 115/115 122/122 123/123 114/114
f 117/117 124/124 122/122 115/115
f 119/119 125/125 124/124 117/117
f 121/121 126/126 125/125 119/119
f 301/301 302/302 304/304 303/303
f 302/302 305/305 306/306 304/304
f 305/305 307/307 308/308 306/306
f 307/307 309/309 310/310 308/308
f 309/309 311/311 312/312 310/310
f 311/311 313/313 314/314 312/312
f 313/313 315/315 316/316 314/314
f 315/315 317/317 318/318 316/316
f 304/304 319/319 320/320 303/303
f 306/306 321/321 319/319 304/304
f 308/308 322/322 321/321 306/306
f 310/310 323/323 322/322 308/308
f 312/312 324/324 323/323 310/310
f 314/314 325/325 324/324 312/312
f 316/316 326/326 325/325 314/314
f 318/318 327/327 326/326 316/316
f 169/169 170/170 172/172 171/171
f 170/170 173/173 174/174 172/172
f 173/173 175/175 176/176 174/174
f 175/175 177/177 178/178 176/176
f 177/177 179/179 180/180 178/178
f 179/179 181/181 182/182 180/180
f 181/181 183/183 184/184 182/182
f 183/183 185/185 186/186 184/184
f 172/172 187/187 188/188 171/171
f 174/174 189/189 187/187 172/172
f 176/176 190/190 189/189 174/174
f 178/178 191/191 190/190 176/176
f 180/180 192/192 191/191 178/178
f 182/182 193/193 192/192 180/180
f 184/184 194/194 193/193 182/182
f 186/186 195/195 194/194 184/184
f 655/655 656/656 658/658 657/657
f 656/656 659/659 660/660 658/658
f 659/659 661/661 662/662 660/660
f 661/661 663/663 664/664 662/662
f 663/663 665/665 666/666 664/664
f 665/665 667/667 668/668 666/666
f 667/667 669/669 670/670 668/668
f 669/669 671/671 672/672 670/670
f 658/658 673/673 674/674 657/657
f 660/660 675/675 673/673 658/658
f 662/662 676/676 675/675 660/660
f 664/664 677/677 676/676 662/662
f 666/666 678/678 677/677 664/664
f 668/668 679/679 678/678 666/666
f 670/670 680/680 679/679 668/668
f 672/672 681/681 680/680 670/670
f 844/844 845/845 847/847 846/846
f 845/845 848/848 849/849 847/847
f 848/848 850/850 851/851 849/849
f 850/850 852/852 853/853 851/851
f 847/847 854/854 855/855 846/846
f 849/849 856/856 854/854 847/847
f 851/851 857/857 856/856 849/849
f 853/853 858/858 857/857 851/851
f 1318/1318 1319/1319 1321/1321 1320/1320
f 1319/1319 1322/1322 1323/1323 1321/1321
f 1322/1322 1324/1324 1325/1325 1323/1323
f 1324/1324 1326/1326 1327/1327 1325/1325
f 1321/1321 1328/1328 1329/1329 1320/1320
f 1323/1323 1330/1330 1328/1328 1321/1321
f 1325/1325 1331/1331 1330/1330 1323/1323
f 1327/1327 1332/1332 1331/1331 1325/1325
f 682/682 683/683 685/685 684/684
f 683/683 686/686 687/687 685/685
f 686/686 688/688 689/689 687/687
f 688/688 690/690 691/691 689/689
f 690/690 692/692 693/693 691/691
f 692/692 694/694 695/695 693/693
f 694/694 696/696 697/697 695/695
f 696/696 698/698 699/699 697/697
f 685/685 700/700 701/701 684/684
f 687/687 702/702 700/700 685/685
f 689/689 703/703 702/702 687/687
f 691/691 704/704 703/703 689/689
f 693/693 705/705 704/704 691/691
f 695/695 706/706 705/705 693/693
f 697/697 707/707 706/706 695/695
f 699/699 708/708 707/707 697/697
f 913/913 914/914 916/916 915/915
f 914/914 917/917 918/918 916/916
f 917/917 919/919 920/920 918/918
f 919/919 921/921 922/922 920/920
f 921/921 923/923 924/924 922/922
f 923/923 925/925 926/926 924/924
f 925/925 927/927 928/928 926/926
f 927/927 929/929 930/930 928/928
f 916/916 931/931 932/932 915/915
f 918/918 933/933 931/931 916/916
f 920/920 934/934 933/933 918/918
f 922/922 935/935 934/934 920/920
f 924/924 936/936 935/935 922/922
f 926/926 937/937 936/936 924/924
f 928/928 938/938 937/937 926/926
f 930/930 939/939 938/938 928/928
f 142/142 143/143 145/145 144/144
f 143/143 146/146 147/147 145/145
f 146/146 148/148 149/149 147/147
f 148/148 150/150 151/151 149/149
f 150/150 152/152 153/153 151/151
f 152/152 154/154 155/155 153/153
f 154/154 156/156 157/157 155/155
f 156/156 158/158 159/159 157/157
f 145/145 160/160 161/161 144/144
f 147/147 162/162 160/160 145/145
f 149/149 163/163 162/162 147/147
f 151/151 164/164 163/163 149/149
f 153/153 165/165 164/164 151/151
f 155/155 166/166 165/165 153/153
f 157/157 167/167 166/166 155/155
f 159/159 168/168 167/167 157/157
f 940/940 941/941 943/943 942/942
f 941/941 944/944 945/945 943/943
f 944/944 946/946 947/947 945/945
f 946/946 948/948 949/949 947/947
f 948/948 950/950 951/951 949/949
f 950/950 952/952 953/953 951/951
f 952/952 954/954 955/955 953/953
f 954/954 956/956 957/957 955/955
f 943/943 958/958 959/959 942/942
f 945/945 960/960 958/958 943/943
f 947/947 961/961 960/960 945/945
f 949/949 962/962 961/961 947/947
f 951/951 963/963 962/962 949/949
f 953/953 964/964 963/963 951/951
f 955/955 965/965 964/964 953/953
f 957/957 966/966 965/965 955/955
f 1213/1213 1214/1214 1216/1216 1215/1215
f 1214/1214 1217/1217 1218/1218 1216/1216
f 1217/1217 1219/1219 1220/1220 1218/1218
f 1219/1219 1221/1221 1222/1222 1220/1220
f 1221/1221 1223/1223 1224/1224 1222/1222
f 1223/1223 1225/1225 1226/1226 1224/1224
f 1225/1225 1227/1227 1228/1228 1226/1226
f 1227/1227 1229/1229 1230/1230 1228/1228
f 1229/1229 1231/1231 1232/1232 1230/1230
f 1231/1231 1233/1233 1234/1234 1232/1232
f 1233/1233 1235/1235 1236/1236 1234/1234
f 1235/1235 1237/1237 1238/1238 1236/1236
f 1237/1237 1239/1239 1240/1240 1238/1238
f 1239/1239 1241/1241 1242/1242 1240/1240
f 1241/1241 1243/1243 1244/1244 1242/1242
f 1243/1243 1245/1245 1246/1246 1244/1244
f 1216/1216 1247/1247 1248/1248 1215/1215
f 1218/1218 1249/1249 1247/1247 1216/1216
f 1220/1220 1250/1250 1249/1249 1218/1218
f 1222/1222 1251/1251 1250/1250 1220/1220
f 1224/1224 1252/1252 1251/1251 1222/1222
f 1226/1226 1253/1253 1252/1252 1224/1224
f 1228/1228 1254/1254 1253/1253 1226/1226
f 1230/1230 1255/1255 1254/1254 1228/1228
f 1232/1232 1256/1256 1255/1255 1230/1230
f 1234/1234 1257/1257 1256/1256 1232/1232
f 1236/1236 1258/1258 1257/1257 1234/1234
f 1238/1238 1259/1259 1258/1258 1236/1236
f 1240/1240 1260/1260 1259/1259 1238/1238
f 1242/1242 1261/1261 1260/1260 1240/1240
f 1244/1244 1262/1262 1261/1261 1242/1242
f 1246/1246 1263/1263 1262/1262 1244/1244
f 43/43 44/44 46/46 45/45
f 44/44 47/47 48/48 46/46
f 47/47 49/49 50/50 48/48
f 49/49 51/51 52/52 50/50
f 46/46 53/53 54/54 45/45
f 48/48 55/55 53/53 46/46
f 50/50 56/56 55/55 48/48
f 52/52 57/57 56/56 50/50
f 451/451 452/452 454/454 453/453
f 452/452 455/455 456/456 454/454
f 455/455 457/457 458/458 456/456
f 457/457 459/459 460/460 458/458
f 454/454 461/461 462/462 453/453
f 456/456 463/463 461/461 454/454
f 458/458 464/464 463/463 456/456
f 460/460 465/465 464/464 458/458
f 763/763 764/764 766/766 765/765
f 764/764 767/767 768/768 766/766
f 767/767 769/769 770/770 768/768
f 769/769 771/771 772/772 770/770
f 771/771 773/773 774/774 772/772
f 773/773 775/775 776/776 774/774
f 775/775 777/777 778/778 776/776
f 777/777 779/779 780/780 778/778
f 766/766 781/781 782/782 765/765
f 768/768 783/783 781/781 766/766
f 770/770 784/784 783/783 768/768
f 772/772 785/785 784/784 770/770
f 774/774 786/786 785/785 772/772
f 776/776 787/787 786/786 774/774
f 778/778 788/788 787/787 776/776
f 780/780 789/789 788/788 778/778
f 520/520 521/521 523/523 522/522
f 521/521 524/524 525/525 523/523
f 524/524 526/526 527/527 525/525
f 526/526 528/528 529/529 527/527
f 528/528 530/530 531/531 529/529
f 530/530 532/532 533/533 531/531
f 532/532 534/534 535/535 533/533
f 534/534 536/536 537/537 535/535
f 523/523 538/538 539/539 522/522
f 525/525 540/540 538/538 523/523
f 527/527 541/541 540/540 525/525
f 529/529 542/542 541/541 527/527
f 531/531 543/543 542/542 529/529
f 533/533 544/544 543/543 531/531
f 535/535 545/545 544/544 533/533
f 537/537 546/546 545/545 535/535
f 355/355 356/356 358/358 357/357
f 356/356 359/359 360/360 358/358
f 359/359 361/361 362/362 360/360
f 361/361 363/363 364/364 362/362
f 363/363 365/365 366/366 364/364
f 365/365 367/367 368/368 366/366
f 367/367 369/369 370/370 368/368
f 369/369 371/371 372/372 370/370
f 358/358 373/373 374/374 357/357
f 360/360 375/375 373/373 358/358
f 362/362 376/376 375/375 360/360
f 364/364 377/377 376/376 362/362
f 366/366 378/378 377/377 364/364
f 368/368 379/379 378/378 366/366
f 370/370 380/380 379/379 368/368
f 372/372 381/381 380/380 370/370
f 736/736 737/737 739/739 738/738
f 737/737 740/740 741/741 739/739
f 740/740 742/742 743/743 741/741
f 742/742 744/744 745/745 743/743
f 744/744 746/746 747/747 745/745
f 746/746 748/748 749/749 747/747
f 748/748 750/750 751/751 749/749
f 750/750 752/752 753/753 751/751
f 739/739 754/754 755/755 738/738
f 741/741 756/756 754/754 739/739
f 743/743 757/757 756/756 741/741
f 745/745 758/758 757/757 743/743
f 747/747 759/759 758/758 745/745
f 749/749 760/760 759/759 747/747
f 751/751 761/761 760/760 749/749
f 753/753 762/762 761/761 751/751
f 1264/1264 1265/1265 1267/1267 1266/1266
f 1265/1265 1268/1268 1269/1269 1267/1267
f 1268/1268 1270/1270 1271/1271 1269/1269
f 1270/1270 1272/1272 1273/1273 1271/1271
f 1272/1272 1274/1274 1275/1275 1273/1273
f 1274/1274 1276/1276 1277/1277 1275/1275
f 1276/1276 1278/1278 1279/1279 1277/1277
f 1278/1278 1280/1280 1281/1281 1279/1279
f 1267/1267 1282/1282 1283/1283 1266/1266
f 1269/1269 1284/1284 1282/1282 1267/1267
f 1271/1271 1285/1285 1284/1284 1269/1269
f 1273/1273 1286/1286 1285/1285 1271/1271
f 1275/1275 1287/1287 1286/1286 1273/1273
f 1277/1277 1288/1288 1287/1287 1275/1275
f 1279/1279 1289/1289 1288/1288 1277/1277
f 1281/1281 1290/1290 1289/1289 1279/1279
f 127/127 128/128 130/130 129/129
f 128/128 131/131 132/132 130/130
f 131/131 133/133 134/134 132/132
f 133/133 135/135 136/136 134/134
f 130/130 137/137 138/138 129/129
f 132/132 139/139 137/137 130/130
f 134/134 140/140 139/139 132/132
f 136/136 141/141 140/140 134/134
f 250/250 251/251 253/253 252/252
f 251/251 254/254 255/255 253/253
f 254/254 256/256 257/257 255/255
f 256/256 258/258 259/259 257/257
f 258/258 260/260 261/261 259/259
f 260/260 262/262 263/263 261/261
f 262/262 264/264 265/265 263/263
f 264/264 266/266 267/267 265/265
f 266/266 268/268 269/269 267/267
f 268/268 270/270 271/271 269/269
f 270/270 272/272 273/273 271/271
f 272/272 274/274 275/275 273/273
f 274/274 276/276 277/277 275/275
f 276/276 278/278 279/279 277/277
f 278/278 280/280 281/281 279/279
f 280/280 282/282 283/283 281/281
f 253/253 284/284 285/285 252/252
f 255/255 286/286 284/284 253/253
f 257/257 287/287 286/286 255/255
f 259/259 288/288 287/287 257/257
f 261/261 289/289 288/288 259/259
f 263/263 290/290 289/289 261/261
f 265/265 291/291 290/290 263/263
f 267/267 292/292 291/291 265/265
f 269/269 293/293 292/292 267/267
f 271/271 294/294 293/293 269/269
f 273/273 295/295 294/294 271/271
f 275/275 296/296 295/295 273/273
f 277/277 297/297 296/296 275/275
f 279/279 298/298 297/297 277/277
f 281/281 299/299 298/298 279/279
f 283/283 300/300 299/299 281/281
f 967/967 968/968 970/970 969/969
f 968/968 971/971 972/972 970/970
f 971/971 973/973 974/974 972/972
f 973/973 975/975 976/976 974/974
f 975/975 977/977 978/978 976/976
f 977/977 979/979 980/980 978/978
f 979/979 981/981 982/982 980/980
f 981/981 983/983 984/984 982/982
f 970/970 985/985 986/986 969/969
f 972/972 987/987 985/985 970/970
f 974/974 988/988 987/987 972/972
f 976/976 989/989 988/988 974/974
f 978/978 990/990 989/989 976/976
f 980/980 991/991 990/990 978/978
f 982/982 992/992 991/991 980/980
f 984/984 993/993 992/992 982/982
f 1078/1078 1079/1079 1081/1081 1080/1080
f 1079/1079 1082/1082 1083/1083 1081/1081
f 1082/1082 1084/1084 1085/1085 1083/1083
f 1084/1084 1086/1086 1087/1087 1085/1085
f 1086/1086 1088/1088 1089/1089 1087/1087
f 1088/1088 1090/1090 1091/1091 1089/1089
f 1090/1090 1092/1092 1093/1093 1091/1091
f 1092/1092 1094/1094 1095/1095 1093/1093
f 1081/1081 1096/1096 1097/1097 1080/1080
f 1083/1083 1098/1098 1096/1096 1081/1081
f 1085/1085 1099/1099 1098/1098 1083/1083
f 1087/1087 1100/1100 1099/1099 1085/1085
f 1089/1089 1101/1101 1100/1100 1087/1087
f 1091/1091 1102/1102 1101/1101 1089/1089
f 1093/1093 1103/1103 1102/1102 1091/1091
f 1095/1095 1104/1104 1103/1103 1093/1093
f 790/790 791/791 793/793 792/792
f 791/791 794/794 795/795 793/793
f 794/794 796/796 797/797 795/795
f 796/796 798/798 799/799 797/797
f 798/798 800/800 801/801 799/799
f 800/800 802/802 803/803 801/801
f 802/802 804/804 805/805 803/803
f 804/804 806/806 807/807 805/805
f 793/793 808/808 809/809 792/792
f 795/795 810/810 808/808 793/793
f 797/797 811/811 810/810 795/795
f 799/799 812/812 811/811 797/797
f 801/801 813/813 812/812 799/799
f 803/803 814/814 813/813 801/801
f 805/805 815/815 814/814 803/803
f 807/807 816/816 815/815 805/805
f 196/196 197/197 199/199 198/198
f 197/197 200/200 201/201 199/199
f 200/200 202/202 203/203 201/201
f 202/202 204/204 205/205 203/203
f 204/204 206/206 207/207 205/205
f 206/206 208/208 209/209 207/207
f 208/208 210/210 211/211 209/209
f 210/210 212/212 213/213 211/211
f 199/199 214/214 215/215 198/198
f 201/201 216/216 214/214 199/199
f 203/203 217/217 216/216 201/201
f 205/205 218/218 217/217 203/203
f 207/207 219/219 218/218 205/205
f 209/209 220/220 219/219 207/207
f 211/211 221/221 220/220 209/209
f 213/213 222/222 221/221 211/211
f 223/223 224/224 226/226 225/225
f 224/224 227/227 228/228 226/226
f 227/227 229/229 230/230 228/228
f 229/229 231/231 232/232 230/230
f 231/231 233/233 234/234 232/232
f 233/233 235/235 236/236 234/234
f 235/235 237/237 238/238 236/236
f 237/237 239/239 240/240 238/238
f 226/226 241/241 242/242 225/225
f 228/228 243/243 241/241 226/226
f 230/230 244/244 243/243 228/228
f 232/232 245/245 244/244 230/230
f 234/234 246/246 245/245 232/232
f 236/236 247/247 246/246 234/234
f 238/238 248/248 247/247 236/236
f 240/240 249/249 248/248 238/238
f 1/1 2/2 4/4 3/3
f 2/2 5/5 6/6 4/4
f 5/5 7/7 8/8 6/6
f 7/7 9/9 10/10 8/8
f 4/4 11/11 12/12 3/3
f 6/6 13/13 11/11 4/4
f 8/8 14/14 13/13 6/6
f 10/10 15/15 14/14 8/8
f 16/16 17/17 19/19 18/18
f 17/17 20/20 21/21 19/19
f 20/20 22/22 23/23 21/21
f 22/22 24/24 25/25 23/23
f 24/24 26/26 27/27 25/25
f 26/26 28/28 29/29 27/27
f 28/28 30/30 31/31 29/29
f 30/30 32/32 33/33 31/31
f 19/19 34/34 35/35 18/18
f 21/21 36/36 34/34 19/19
f 23/23 37/37 36/36 21/21
f 25/25 38/38 37/37 23/23
f 27/27 39/39 38/38 25/25
f 29/29 40/40 39/39 27/27
f 31/31 41/41 40/40 29/29
f 33/33 42/42 41/41 31/31
f 424/424 425/425 427/427 426/426
f 425/425 428/428 429/429 427/427
f 428/428 430/430 431/431 429/429
f 430/430 432/432 433/433 431/431
f 432/432 434/434 435/435 433/433
f 434/434 436/436 437/437 435/435
f 436/436 438/438 439/439 437/437
f 438/438 440/440 441/441 439/439
f 427/427 442/442 443/443 426/426
f 429/429 444/444 442/442 427/427
f 431/431 445/445 444/444 429/429
f 433/433 446/446 445/445 431/431
f 435/435 447/447 446/446 433/433
f 437/437 448/448 447/447 435/435
f 439/439 449/449 448/448 437/437
f 441/441 450/450 449/449 439/439
f 1159/1159 1160/1160 1162/1162 1161/1161
f 1160/1160 1163/1163 1164/1164 1162/1162
f 1163/1163 1165/1165 1166/1166 1164/1164
f 1165/1165 1167/1167 1168/1168 1166/1166
f 1167/1167 1169/1169 1170/1170 1168/1168
f 1169/1169 1171/1171 1172/1172 1170/1170
f 1171/1171 1173/1173 1174/1174 1172/1172
f 1173/1173 1175/1175 1176/1176 1174/1174
f 1162/1162 1177/1177 1178/1178 1161/1161
f 1164/1164 1179/1179 1177/1177 1162/1162
f 1166/1166 1180/1180 1179/1179 1164/1164
f 1168/1168 1181/1181 1180/1180 1166/1166
f 1170/1170 1182/1182 1181/1181 1168/1168
f 1172/1172 1183/1183 1182/1182 1170/1170
f 1174/1174 1184/1184 1183/1183 1172/1172
f 1176/1176 1185/1185 1184/1184 1174/1174
f 328/328 329/329 331/331 330/330
f 329/329 332/332 333/333 331/331
f 332/332 334/334 335/335 333/333
f 334/334 336/336 337/337 335/335
f 336/336 338/338 339/339 337/337
f 338/338 340/340 341/341 339/339
f 340/340 342/342 343/343 341/341
f 342/342 344/344 345/345 343/343
f 331/331 346/346 347/347 330/330
f 333/333 348/348 346/346 331/331
f 335/335 349/349 348/348 333/333
f 337/337 350/350 349/349 335/335
f 339/339 351/351 350/350 337/337
f 341/341 352/352 351/351 339/339
f 343/343 353/353 352/352 341/341
f 345/345 354/354 353/353 343/343
f 1291/1291 1292/1292 1294/1294 1293/1293
f 1292/1292 1295/1295 1296/1296 1294/1294
f 1295/1295 1297/1297 1298/1298 1296/1296
f 1297/1297 1299/1299 1300/1300 1298/1298
f 1299/1299 1301/1301 1302/1302 1300/1300
f 1301/1301 1303/1303 1304/1304 1302/1302
f 1303/1303 1305/1305 1306/1306 1304/1304
f 1305/1305 1307/1307 1308/1308 1306/1306
f 1294/1294 1309/1309 1310/1310 1293/1293
f 1296/1296 1311/1311 1309/1309 1294/1294
f 1298/1298 1312/1312 1311/1311 1296/1296
f 1300/1300 1313/1313 1312/1312 1298/1298
f 1302/1302 1314/1314 1313/1313 1300/1300
f 1304/1304 1315/1315 1314/1314 1302/1302
f 1306/1306 1316/1316 1315/1315 1304/1304
f 1308/1308 1317/1317 1316/1316 1306/1306
f 547/547 548/548 550/550 549/549
f 548/548 551/551 552/552 550/550
f 551/551 553/553 554/554 552/552
f 553/553 555/555 556/556 554/554
f 555/555 557/557 558/558 556/556
f 557/557 559/559 560/560 558/558
f 559/559 561/561 562/562 560/560
f 561/561 563/563 564/564 562/562
f 550/550 565/565 566/566 549/549
f 552/552 567/567 565/565 550/550
f 554/554 568/568 567/567 552/552
f 556/556 569/569 568/568 554/554
f 558/558 570/570 569/569 556/556
f 560/560 571/571 570/570 558/558
f 562/562 572/572 571/571 560/560
f 564/564 573/573 572/572 562/562
f 601/601 602/602 604/604 603/603
f 602/602 605/605 606/606 604/604
f 605/605 607/607 608/608 606/606
f 607/607 609/609 610/610 608/608
f 609/609 611/611 612/612 610/610
f 611/611 613/613 614/614 612/612
f 613/613 615/615 616/616 614/614
f 615/615 617/617 618/618 616/616
f 604/604 619/619 620/620 603/603
f 606/606 621/621 619/619 604/604
f 608/608 622/622 621/621 606/606
f 610/610 623/623 622/622 608/608
f 612/612 624/624 623/623 610/610
f 614/614 625/625 624/624 612/612
f 616/616 626/626 625/625 614/614
f 618/618 627/627 626/626 616/616
f 382/382 383/383 385/385 384/384
f 383/383 386/386 387/387 385/385
f 386/386 388/388 389/389 387/387
f 388/388 390/390 391/391 389/389
f 390/390 392/392 393/393 391/391
f 392/392 394/394 395/395 393/393
f 394/394 396/396 397/397 395/395
f 396/396 398/398 399/399 397/397
f 385/385 400/400 401/401 384/384
f 387/387 402/402 400/400 385/385
f 389/389 403/403 402/402 387/387
f 391/391 404/404 403/403 389/389
f 393/393 405/405 404/404 391/391
f 395/395 406/406 405/405 393/393
f 397/397 407/407 406/406 395/395
f 399/399 408/408 407/407 397/397
f 886/886 887/887 889/889 888/888
f 887/887 890/890 891/891 889/889
f 890/890 892/892 893/893 891/891
f 892/892 894/894 895/895 893/893
f 894/894 896/896 897/897 895/895
f 896/896 898/898 899/899 897/897
f 898/898 900/900 901/901 899/899
f 900/900 902/902 903/903 901/901
f 889/889 904/904 905/905 888/888
f 891/891 906/906 904/904 889/889
f 893/893 907/907 906/906 891/891
f 895/895 908/908 907/907 893/893
f 897/897 909/909 908/908 895/895
f 899/899 910/910 909/909 897/897
f 901/901 911/911 910/910 899/899
f 903/903 912/912 911/911 901/901
f 1021/1021 1022/1022 1024/1024 1023/1023
f 1022/1022 1025/1025 1026/1026 1024/1024
f 1025/1025 1027/1027 1028/1028 1026/1026
f 1027/1027 1029/1029 1030/1030 1028/1028
f 1024/1024 1031/1031 1032/1032 1023/1023
f 1026/1026 1033/1033 1031/1031 1024/1024
f 1028/1028 1034/1034 1033/1033 1026/1026
f 1030/1030 1035/1035 1034/1034 1028/1028
f 409/409 410/410 412/412 411/411
f 410/410 413/413 414/414 412/412
f 413/413 415/415 416/416 414/414
f 415/415 417/417 418/418 416/416
f 412/412 419/419 420/420 411/411
f 414/414 421/421 419/419 412/412
f 416/416 422/422 421/421 414/414
f 418/418 423/423 422/422 416/416
f 1132/1132 1133/1133 1135/1135 1134/1134
f 1133/1133 1136/1136 1137/1137 1135/1135
f 1136/1136 1138/1138 1139/1139 1137/1137
f 1138/1138 1140/1140 1141/1141 1139/1139
f 1140/1140 1142/1142 1143/1143 1141/1141
f 1142/1142 1144/1144 1145/1145 1143/1143
f 1144/1144 1146/1146 1147/1147 1145/1145
f 1146/1146 1148/1148 1149/1149 1147/1147
f 1135/1135 1150/1150 1151/1151 1134/1134
f 1137/1137 1152/1152 1150/1150 1135/1135
f 1139/1139 1153/1153 1152/1152 1137/1137
f 1141/1141 1154/1154 1153/1153 1139/1139
f 1143/1143 1155/1155 1154/1154 1141/1141
f 1145/1145 1156/1156 1155/1155 1143/1143
f 1147/1147 1157/1157 1156/1156 1145/1145
f 1149/1149 1158/1158 1157/1157 1147/1147
f 1036/1036 1037/1037 1039/1039 1038/1038
f 1037/1037 1040/1040 1041/1041 1039/1039
f 1040/1040 1042/1042 1043/1043 1041/1041
f 1042/1042 1044/1044 1045/1045 1043/1043
f 1044/1044 1046/1046 1047/1047 1045/1045
f 1046/1046 1048/1048 1049/1049 1047/1047
f 1048/1048 1050/1050 1051/1051 1049/1049
f 1050/1050 1052/1052 1053/1053 1051/1051
f 1039/1039 1054/1054 1055/1055 1038/1038
f 1041/1041 1056/1056 1054/1054 1039/1039
f 1043/1043 1057/1057 1056/1056 1041/1041
f 1045/1045 1058/1058 1057/1057 1043/1043
f 1047/1047 1059/1059 1058/1058 1045/1045
f 1049/1049 1060/1060 1059/1059 1047/1047
f 1051/1051 1061/1061 1060/1060 1049/1049
f 1053/1053 1062/1062 1061/1061 1051/1051
f 709/709 710/710 712/712 711/711
f 710/710 713/713 714/714 712/712
f 713/713 715/715 716/716 714/714
f 715/715 717/717 718/718 716/716
f 717/717 719/719 720/720 718/718
f 719/719 721/721 722/722 720/720
f 721/721 723/723 724/724 722/722
f 723/723 725/725 726/726 724/724
f 712/712 727/727 728/728 711/711
f 714/714 729/729 727/727 712/712
f 716/716 730/730 729/729 714/714
f 718/718 731/731 730/730 716/716
f 720/720 732/732 731/731 718/718
f 722/722 733/733 732/732 720/720
f 724/724 734/734 733/733 722/722
f 726/726 735/735 734/734 724/724
f 574/574 575/575 577/577 576/576
f 575/575 578/578 579/579 577/577
f 578/578 580/580 581/581 579/579
f 580/580 582/582 583/583 581/581
f 582/582 584/584 585/585 583/583
f 584/584 586/586 587/587 585/585
f 586/586 588/588 589/589 587/587
f 588/588 590/590 591/591 589/589
f 577/577 592/592 593/593 576/576
f 579/579 594/594 592/592 577/577
f 581/581 595/595 594/594 579/579
f 583/583 596/596 595/595 581/581
f 585/585 597/597 596/596 583/583
f 587/587 598/598 597/597 585/585
f 589/589 599/599 598/598 587/587
f 591/591 600/600 599/599 589/589
f 58/58 59/59 61/61 60/60
f 59/59 62/62 63/63 61/61
f 62/62 64/64 65/65 63/63
f 64/64 66/66 67/67 65/65
f 66/66 68/68 69/69 67/67
f 68/68 70/70 71/71 69/69
f 70/70 72/72 73/73 71/71
f 72/72 74/74 75/75 73/73
f 61/61 76/76 77/77 60/60
f 63/63 78/78 76/76 61/61
f 65/65 79/79 78/78 63/63
f 67/67 80/80 79/79 65/65
f 69/69 81/81 80/80 67/67
f 71/71 82/82 81/81 69/69
f 73/73 83/83 82/82 71/71
f 75/75 84/84 83/83 73/73
